20090103
78
VEHICLE
NUMBER
25

CUSTOMER
CUST NO.	XCOORD.	YCOORD.	DEMAND	STAFF1  STAFF2	READY TIME	DUE DATE	SERVICE TIME
	0	0	0	0	0	0	0	1440	0
	1	0	0	1	2	0	480	750	8
	2	0	0	3	2	0	480	1200	8
	3	0	0	1	2	0	750	1200	8
	4	0	0	3	2	1	750	1200	8
	5	0	0	1	2	0	480	510	8
	6	0	0	3	2	1	480	750	8
	7	0	0	1	2	0	480	1200	8
	8	0	0	3	3	0	750	1200	8
	9	0	0	3	2	0	480	750	8
	10	0	0	1	2	1	480	1200	8
	11	0	0	1	2	0	480	1200	8
	12	0	0	3	2	0	480	1200	8
	13	0	0	3	2	0	480	750	8
	14	0	0	1	2	0	750	1200	8
	15	0	0	1	2	0	480	1200	8
	16	0	0	3	2	0	750	1200	8
	17	0	0	3	2	1	703	853	8
	18	0	0	1	2	0	750	1200	8
	19	0	0	3	2	0	480	1200	8
	20	0	0	3	3	0	480	1200	8
	21	0	0	3	2	0	750	1200	8
	22	0	0	1	2	0	720	840	8
	23	0	0	1	2	0	750	1200	8
	24	0	0	1	2	0	701	821	8
	25	0	0	3	2	1	480	1200	8
	26	0	0	1	2	0	480	1200	8
	27	0	0	3	2	0	480	1200	8
	28	0	0	1	2	0	480	1200	8
	29	0	0	3	2	0	840	960	8
	30	0	0	3	2	0	480	1200	8
	31	0	0	3	2	0	750	1200	8
	32	0	0	3	2	0	750	1200	8
	33	0	0	1	2	0	750	1200	8
	34	0	0	3	3	0	480	1200	8
	35	0	0	1	2	0	480	750	8
	36	0	0	3	2	1	480	1200	8
	37	0	0	1	2	0	480	1200	8
	38	0	0	3	2	0	480	1200	8
	39	0	0	1	2	0	480	1200	8
	40	0	0	1	2	0	480	1200	8
	41	0	0	3	2	0	480	1200	8
	42	0	0	3	2	0	780	930	8
	43	0	0	3	2	0	750	1200	8
	44	0	0	1	2	0	480	1200	8
	45	0	0	3	2	0	872	992	8
	46	0	0	3	2	0	960	1080	8
	47	0	0	1	2	0	930	1050	8
	48	0	0	1	2	0	877	997	8
	49	0	0	1	2	0	480	750	8
	50	0	0	3	2	0	750	1200	8
	51	0	0	3	2	0	480	1200	8
	52	0	0	1	2	0	480	1200	8
	53	0	0	1	2	0	480	1200	8
	54	0	0	1	2	0	480	1200	8
	55	0	0	1	2	0	805	925	8
	56	0	0	1	2	0	903	1023	8
	57	0	0	1	2	0	480	1200	8
	58	0	0	3	2	0	480	1200	8
	59	0	0	3	3	0	849	969	8
	60	0	0	3	2	0	480	1200	8
	61	0	0	1	2	0	750	1200	8
	62	0	0	1	2	0	750	1200	8
	63	0	0	1	2	0	480	1200	8
	64	0	0	1	2	0	480	1200	8
	65	0	0	1	3	0	807	927	8
	66	0	0	3	2	0	750	1200	8
	67	0	0	1	2	0	750	1200	8
	68	0	0	1	2	0	480	1200	8
	69	0	0	3	3	0	480	1200	8
	70	0	0	3	2	0	480	1200	8
	71	0	0	3	2	0	828	948	8
	72	0	0	3	2	0	750	1200	8
	73	0	0	3	2	0	777	927	8
	74	0	0	3	2	0	750	1200	8
	75	0	0	1	2	0	750	1200	8
	76	0	0	1	2	1	750	1200	8
	77	0	0	1	2	0	750	1200	8
	78	0	0	1	2	0	480	1200	8
Travel Time Between Locations
	0	12	12	12	12	12	12	12	0	0	12	12	12	0	0	0	0	0	12	12	12	0	0	0	0	0	0	0	0	12	0	12	12	0	0	0	0	12	0	0	0	0	0	0	0	0	12	12	0	0	0	0	0	0	0	0	0	0	0	0	0	0	0	0	0	0	0	0	0	0	0	0	0	0	0	0	0	0	12
	12	0	0	0	0	0	0	0	12	12	0	0	0	12	12	12	12	12	0	0	0	12	12	12	12	12	12	12	12	8	12	0	0	12	12	12	12	0	12	12	12	12	12	12	12	12	8	8	12	12	12	12	12	12	12	12	12	12	12	12	12	12	12	12	12	12	12	12	12	12	12	12	12	12	12	12	12	12	0
	12	0	0	0	0	0	0	0	12	12	0	0	0	12	12	12	12	12	0	0	0	12	12	12	12	12	12	12	12	8	12	0	0	12	12	12	12	0	12	12	12	12	12	12	12	12	8	8	12	12	12	12	12	12	12	12	12	12	12	12	12	12	12	12	12	12	12	12	12	12	12	12	12	12	12	12	12	12	0
	12	0	0	0	0	0	0	0	12	12	0	0	0	12	12	12	12	12	0	0	0	12	12	12	12	12	12	12	12	8	12	0	0	12	12	12	12	0	12	12	12	12	12	12	12	12	8	8	12	12	12	12	12	12	12	12	12	12	12	12	12	12	12	12	12	12	12	12	12	12	12	12	12	12	12	12	12	12	0
	12	0	0	0	0	0	0	0	12	12	0	0	0	12	12	12	12	12	0	0	0	12	12	12	12	12	12	12	12	8	12	0	0	12	12	12	12	0	12	12	12	12	12	12	12	12	8	8	12	12	12	12	12	12	12	12	12	12	12	12	12	12	12	12	12	12	12	12	12	12	12	12	12	12	12	12	12	12	0
	12	0	0	0	0	0	0	0	12	12	0	0	0	12	12	12	12	12	0	0	0	12	12	12	12	12	12	12	12	8	12	0	0	12	12	12	12	0	12	12	12	12	12	12	12	12	8	8	12	12	12	12	12	12	12	12	12	12	12	12	12	12	12	12	12	12	12	12	12	12	12	12	12	12	12	12	12	12	0
	12	0	0	0	0	0	0	0	12	12	0	0	0	12	12	12	12	12	0	0	0	12	12	12	12	12	12	12	12	8	12	0	0	12	12	12	12	0	12	12	12	12	12	12	12	12	8	8	12	12	12	12	12	12	12	12	12	12	12	12	12	12	12	12	12	12	12	12	12	12	12	12	12	12	12	12	12	12	0
	12	0	0	0	0	0	0	0	12	12	0	0	0	12	12	12	12	12	0	0	0	12	12	12	12	12	12	12	12	8	12	0	0	12	12	12	12	0	12	12	12	12	12	12	12	12	8	8	12	12	12	12	12	12	12	12	12	12	12	12	12	12	12	12	12	12	12	12	12	12	12	12	12	12	12	12	12	12	0
	0	12	12	12	12	12	12	12	0	0	12	12	12	0	0	0	0	0	12	12	12	0	0	0	0	0	0	0	0	12	0	12	12	0	0	0	0	12	0	0	0	0	0	0	0	0	12	12	0	0	0	0	0	0	0	0	0	0	0	0	0	0	0	0	0	0	0	0	0	0	0	0	0	0	0	0	0	0	12
	0	12	12	12	12	12	12	12	0	0	12	12	12	0	0	0	0	0	12	12	12	0	0	0	0	0	0	0	0	12	0	12	12	0	0	0	0	12	0	0	0	0	0	0	0	0	12	12	0	0	0	0	0	0	0	0	0	0	0	0	0	0	0	0	0	0	0	0	0	0	0	0	0	0	0	0	0	0	12
	12	0	0	0	0	0	0	0	12	12	0	0	0	12	12	12	12	12	0	0	0	12	12	12	12	12	12	12	12	8	12	0	0	12	12	12	12	0	12	12	12	12	12	12	12	12	8	8	12	12	12	12	12	12	12	12	12	12	12	12	12	12	12	12	12	12	12	12	12	12	12	12	12	12	12	12	12	12	0
	12	0	0	0	0	0	0	0	12	12	0	0	0	12	12	12	12	12	0	0	0	12	12	12	12	12	12	12	12	8	12	0	0	12	12	12	12	0	12	12	12	12	12	12	12	12	8	8	12	12	12	12	12	12	12	12	12	12	12	12	12	12	12	12	12	12	12	12	12	12	12	12	12	12	12	12	12	12	0
	12	0	0	0	0	0	0	0	12	12	0	0	0	12	12	12	12	12	0	0	0	12	12	12	12	12	12	12	12	8	12	0	0	12	12	12	12	0	12	12	12	12	12	12	12	12	8	8	12	12	12	12	12	12	12	12	12	12	12	12	12	12	12	12	12	12	12	12	12	12	12	12	12	12	12	12	12	12	0
	0	12	12	12	12	12	12	12	0	0	12	12	12	0	0	0	0	0	12	12	12	0	0	0	0	0	0	0	0	12	0	12	12	0	0	0	0	12	0	0	0	0	0	0	0	0	12	12	0	0	0	0	0	0	0	0	0	0	0	0	0	0	0	0	0	0	0	0	0	0	0	0	0	0	0	0	0	0	12
	0	12	12	12	12	12	12	12	0	0	12	12	12	0	0	0	0	0	12	12	12	0	0	0	0	0	0	0	0	12	0	12	12	0	0	0	0	12	0	0	0	0	0	0	0	0	12	12	0	0	0	0	0	0	0	0	0	0	0	0	0	0	0	0	0	0	0	0	0	0	0	0	0	0	0	0	0	0	12
	0	12	12	12	12	12	12	12	0	0	12	12	12	0	0	0	0	0	12	12	12	0	0	0	0	0	0	0	0	12	0	12	12	0	0	0	0	12	0	0	0	0	0	0	0	0	12	12	0	0	0	0	0	0	0	0	0	0	0	0	0	0	0	0	0	0	0	0	0	0	0	0	0	0	0	0	0	0	12
	0	12	12	12	12	12	12	12	0	0	12	12	12	0	0	0	0	0	12	12	12	0	0	0	0	0	0	0	0	12	0	12	12	0	0	0	0	12	0	0	0	0	0	0	0	0	12	12	0	0	0	0	0	0	0	0	0	0	0	0	0	0	0	0	0	0	0	0	0	0	0	0	0	0	0	0	0	0	12
	0	12	12	12	12	12	12	12	0	0	12	12	12	0	0	0	0	0	12	12	12	0	0	0	0	0	0	0	0	12	0	12	12	0	0	0	0	12	0	0	0	0	0	0	0	0	12	12	0	0	0	0	0	0	0	0	0	0	0	0	0	0	0	0	0	0	0	0	0	0	0	0	0	0	0	0	0	0	12
	12	0	0	0	0	0	0	0	12	12	0	0	0	12	12	12	12	12	0	0	0	12	12	12	12	12	12	12	12	8	12	0	0	12	12	12	12	0	12	12	12	12	12	12	12	12	8	8	12	12	12	12	12	12	12	12	12	12	12	12	12	12	12	12	12	12	12	12	12	12	12	12	12	12	12	12	12	12	0
	12	0	0	0	0	0	0	0	12	12	0	0	0	12	12	12	12	12	0	0	0	12	12	12	12	12	12	12	12	8	12	0	0	12	12	12	12	0	12	12	12	12	12	12	12	12	8	8	12	12	12	12	12	12	12	12	12	12	12	12	12	12	12	12	12	12	12	12	12	12	12	12	12	12	12	12	12	12	0
	12	0	0	0	0	0	0	0	12	12	0	0	0	12	12	12	12	12	0	0	0	12	12	12	12	12	12	12	12	8	12	0	0	12	12	12	12	0	12	12	12	12	12	12	12	12	8	8	12	12	12	12	12	12	12	12	12	12	12	12	12	12	12	12	12	12	12	12	12	12	12	12	12	12	12	12	12	12	0
	0	12	12	12	12	12	12	12	0	0	12	12	12	0	0	0	0	0	12	12	12	0	0	0	0	0	0	0	0	12	0	12	12	0	0	0	0	12	0	0	0	0	0	0	0	0	12	12	0	0	0	0	0	0	0	0	0	0	0	0	0	0	0	0	0	0	0	0	0	0	0	0	0	0	0	0	0	0	12
	0	12	12	12	12	12	12	12	0	0	12	12	12	0	0	0	0	0	12	12	12	0	0	0	0	0	0	0	0	12	0	12	12	0	0	0	0	12	0	0	0	0	0	0	0	0	12	12	0	0	0	0	0	0	0	0	0	0	0	0	0	0	0	0	0	0	0	0	0	0	0	0	0	0	0	0	0	0	12
	0	12	12	12	12	12	12	12	0	0	12	12	12	0	0	0	0	0	12	12	12	0	0	0	0	0	0	0	0	12	0	12	12	0	0	0	0	12	0	0	0	0	0	0	0	0	12	12	0	0	0	0	0	0	0	0	0	0	0	0	0	0	0	0	0	0	0	0	0	0	0	0	0	0	0	0	0	0	12
	0	12	12	12	12	12	12	12	0	0	12	12	12	0	0	0	0	0	12	12	12	0	0	0	0	0	0	0	0	12	0	12	12	0	0	0	0	12	0	0	0	0	0	0	0	0	12	12	0	0	0	0	0	0	0	0	0	0	0	0	0	0	0	0	0	0	0	0	0	0	0	0	0	0	0	0	0	0	12
	0	12	12	12	12	12	12	12	0	0	12	12	12	0	0	0	0	0	12	12	12	0	0	0	0	0	0	0	0	12	0	12	12	0	0	0	0	12	0	0	0	0	0	0	0	0	12	12	0	0	0	0	0	0	0	0	0	0	0	0	0	0	0	0	0	0	0	0	0	0	0	0	0	0	0	0	0	0	12
	0	12	12	12	12	12	12	12	0	0	12	12	12	0	0	0	0	0	12	12	12	0	0	0	0	0	0	0	0	12	0	12	12	0	0	0	0	12	0	0	0	0	0	0	0	0	12	12	0	0	0	0	0	0	0	0	0	0	0	0	0	0	0	0	0	0	0	0	0	0	0	0	0	0	0	0	0	0	12
	0	12	12	12	12	12	12	12	0	0	12	12	12	0	0	0	0	0	12	12	12	0	0	0	0	0	0	0	0	12	0	12	12	0	0	0	0	12	0	0	0	0	0	0	0	0	12	12	0	0	0	0	0	0	0	0	0	0	0	0	0	0	0	0	0	0	0	0	0	0	0	0	0	0	0	0	0	0	12
	0	12	12	12	12	12	12	12	0	0	12	12	12	0	0	0	0	0	12	12	12	0	0	0	0	0	0	0	0	12	0	12	12	0	0	0	0	12	0	0	0	0	0	0	0	0	12	12	0	0	0	0	0	0	0	0	0	0	0	0	0	0	0	0	0	0	0	0	0	0	0	0	0	0	0	0	0	0	12
	12	8	8	8	8	8	8	8	12	12	8	8	8	12	12	12	12	12	8	8	8	12	12	12	12	12	12	12	12	0	12	8	8	12	12	12	12	8	12	12	12	12	12	12	12	12	0	0	12	12	12	12	12	12	12	12	12	12	12	12	12	12	12	12	12	12	12	12	12	12	12	12	12	12	12	12	12	12	8
	0	12	12	12	12	12	12	12	0	0	12	12	12	0	0	0	0	0	12	12	12	0	0	0	0	0	0	0	0	12	0	12	12	0	0	0	0	12	0	0	0	0	0	0	0	0	12	12	0	0	0	0	0	0	0	0	0	0	0	0	0	0	0	0	0	0	0	0	0	0	0	0	0	0	0	0	0	0	12
	12	0	0	0	0	0	0	0	12	12	0	0	0	12	12	12	12	12	0	0	0	12	12	12	12	12	12	12	12	8	12	0	0	12	12	12	12	0	12	12	12	12	12	12	12	12	8	8	12	12	12	12	12	12	12	12	12	12	12	12	12	12	12	12	12	12	12	12	12	12	12	12	12	12	12	12	12	12	0
	12	0	0	0	0	0	0	0	12	12	0	0	0	12	12	12	12	12	0	0	0	12	12	12	12	12	12	12	12	8	12	0	0	12	12	12	12	0	12	12	12	12	12	12	12	12	8	8	12	12	12	12	12	12	12	12	12	12	12	12	12	12	12	12	12	12	12	12	12	12	12	12	12	12	12	12	12	12	0
	0	12	12	12	12	12	12	12	0	0	12	12	12	0	0	0	0	0	12	12	12	0	0	0	0	0	0	0	0	12	0	12	12	0	0	0	0	12	0	0	0	0	0	0	0	0	12	12	0	0	0	0	0	0	0	0	0	0	0	0	0	0	0	0	0	0	0	0	0	0	0	0	0	0	0	0	0	0	12
	0	12	12	12	12	12	12	12	0	0	12	12	12	0	0	0	0	0	12	12	12	0	0	0	0	0	0	0	0	12	0	12	12	0	0	0	0	12	0	0	0	0	0	0	0	0	12	12	0	0	0	0	0	0	0	0	0	0	0	0	0	0	0	0	0	0	0	0	0	0	0	0	0	0	0	0	0	0	12
	0	12	12	12	12	12	12	12	0	0	12	12	12	0	0	0	0	0	12	12	12	0	0	0	0	0	0	0	0	12	0	12	12	0	0	0	0	12	0	0	0	0	0	0	0	0	12	12	0	0	0	0	0	0	0	0	0	0	0	0	0	0	0	0	0	0	0	0	0	0	0	0	0	0	0	0	0	0	12
	0	12	12	12	12	12	12	12	0	0	12	12	12	0	0	0	0	0	12	12	12	0	0	0	0	0	0	0	0	12	0	12	12	0	0	0	0	12	0	0	0	0	0	0	0	0	12	12	0	0	0	0	0	0	0	0	0	0	0	0	0	0	0	0	0	0	0	0	0	0	0	0	0	0	0	0	0	0	12
	12	0	0	0	0	0	0	0	12	12	0	0	0	12	12	12	12	12	0	0	0	12	12	12	12	12	12	12	12	8	12	0	0	12	12	12	12	0	12	12	12	12	12	12	12	12	8	8	12	12	12	12	12	12	12	12	12	12	12	12	12	12	12	12	12	12	12	12	12	12	12	12	12	12	12	12	12	12	0
	0	12	12	12	12	12	12	12	0	0	12	12	12	0	0	0	0	0	12	12	12	0	0	0	0	0	0	0	0	12	0	12	12	0	0	0	0	12	0	0	0	0	0	0	0	0	12	12	0	0	0	0	0	0	0	0	0	0	0	0	0	0	0	0	0	0	0	0	0	0	0	0	0	0	0	0	0	0	12
	0	12	12	12	12	12	12	12	0	0	12	12	12	0	0	0	0	0	12	12	12	0	0	0	0	0	0	0	0	12	0	12	12	0	0	0	0	12	0	0	0	0	0	0	0	0	12	12	0	0	0	0	0	0	0	0	0	0	0	0	0	0	0	0	0	0	0	0	0	0	0	0	0	0	0	0	0	0	12
	0	12	12	12	12	12	12	12	0	0	12	12	12	0	0	0	0	0	12	12	12	0	0	0	0	0	0	0	0	12	0	12	12	0	0	0	0	12	0	0	0	0	0	0	0	0	12	12	0	0	0	0	0	0	0	0	0	0	0	0	0	0	0	0	0	0	0	0	0	0	0	0	0	0	0	0	0	0	12
	0	12	12	12	12	12	12	12	0	0	12	12	12	0	0	0	0	0	12	12	12	0	0	0	0	0	0	0	0	12	0	12	12	0	0	0	0	12	0	0	0	0	0	0	0	0	12	12	0	0	0	0	0	0	0	0	0	0	0	0	0	0	0	0	0	0	0	0	0	0	0	0	0	0	0	0	0	0	12
	0	12	12	12	12	12	12	12	0	0	12	12	12	0	0	0	0	0	12	12	12	0	0	0	0	0	0	0	0	12	0	12	12	0	0	0	0	12	0	0	0	0	0	0	0	0	12	12	0	0	0	0	0	0	0	0	0	0	0	0	0	0	0	0	0	0	0	0	0	0	0	0	0	0	0	0	0	0	12
	0	12	12	12	12	12	12	12	0	0	12	12	12	0	0	0	0	0	12	12	12	0	0	0	0	0	0	0	0	12	0	12	12	0	0	0	0	12	0	0	0	0	0	0	0	0	12	12	0	0	0	0	0	0	0	0	0	0	0	0	0	0	0	0	0	0	0	0	0	0	0	0	0	0	0	0	0	0	12
	0	12	12	12	12	12	12	12	0	0	12	12	12	0	0	0	0	0	12	12	12	0	0	0	0	0	0	0	0	12	0	12	12	0	0	0	0	12	0	0	0	0	0	0	0	0	12	12	0	0	0	0	0	0	0	0	0	0	0	0	0	0	0	0	0	0	0	0	0	0	0	0	0	0	0	0	0	0	12
	0	12	12	12	12	12	12	12	0	0	12	12	12	0	0	0	0	0	12	12	12	0	0	0	0	0	0	0	0	12	0	12	12	0	0	0	0	12	0	0	0	0	0	0	0	0	12	12	0	0	0	0	0	0	0	0	0	0	0	0	0	0	0	0	0	0	0	0	0	0	0	0	0	0	0	0	0	0	12
	12	8	8	8	8	8	8	8	12	12	8	8	8	12	12	12	12	12	8	8	8	12	12	12	12	12	12	12	12	0	12	8	8	12	12	12	12	8	12	12	12	12	12	12	12	12	0	0	12	12	12	12	12	12	12	12	12	12	12	12	12	12	12	12	12	12	12	12	12	12	12	12	12	12	12	12	12	12	8
	12	8	8	8	8	8	8	8	12	12	8	8	8	12	12	12	12	12	8	8	8	12	12	12	12	12	12	12	12	0	12	8	8	12	12	12	12	8	12	12	12	12	12	12	12	12	0	0	12	12	12	12	12	12	12	12	12	12	12	12	12	12	12	12	12	12	12	12	12	12	12	12	12	12	12	12	12	12	8
	0	12	12	12	12	12	12	12	0	0	12	12	12	0	0	0	0	0	12	12	12	0	0	0	0	0	0	0	0	12	0	12	12	0	0	0	0	12	0	0	0	0	0	0	0	0	12	12	0	0	0	0	0	0	0	0	0	0	0	0	0	0	0	0	0	0	0	0	0	0	0	0	0	0	0	0	0	0	12
	0	12	12	12	12	12	12	12	0	0	12	12	12	0	0	0	0	0	12	12	12	0	0	0	0	0	0	0	0	12	0	12	12	0	0	0	0	12	0	0	0	0	0	0	0	0	12	12	0	0	0	0	0	0	0	0	0	0	0	0	0	0	0	0	0	0	0	0	0	0	0	0	0	0	0	0	0	0	12
	0	12	12	12	12	12	12	12	0	0	12	12	12	0	0	0	0	0	12	12	12	0	0	0	0	0	0	0	0	12	0	12	12	0	0	0	0	12	0	0	0	0	0	0	0	0	12	12	0	0	0	0	0	0	0	0	0	0	0	0	0	0	0	0	0	0	0	0	0	0	0	0	0	0	0	0	0	0	12
	0	12	12	12	12	12	12	12	0	0	12	12	12	0	0	0	0	0	12	12	12	0	0	0	0	0	0	0	0	12	0	12	12	0	0	0	0	12	0	0	0	0	0	0	0	0	12	12	0	0	0	0	0	0	0	0	0	0	0	0	0	0	0	0	0	0	0	0	0	0	0	0	0	0	0	0	0	0	12
	0	12	12	12	12	12	12	12	0	0	12	12	12	0	0	0	0	0	12	12	12	0	0	0	0	0	0	0	0	12	0	12	12	0	0	0	0	12	0	0	0	0	0	0	0	0	12	12	0	0	0	0	0	0	0	0	0	0	0	0	0	0	0	0	0	0	0	0	0	0	0	0	0	0	0	0	0	0	12
	0	12	12	12	12	12	12	12	0	0	12	12	12	0	0	0	0	0	12	12	12	0	0	0	0	0	0	0	0	12	0	12	12	0	0	0	0	12	0	0	0	0	0	0	0	0	12	12	0	0	0	0	0	0	0	0	0	0	0	0	0	0	0	0	0	0	0	0	0	0	0	0	0	0	0	0	0	0	12
	0	12	12	12	12	12	12	12	0	0	12	12	12	0	0	0	0	0	12	12	12	0	0	0	0	0	0	0	0	12	0	12	12	0	0	0	0	12	0	0	0	0	0	0	0	0	12	12	0	0	0	0	0	0	0	0	0	0	0	0	0	0	0	0	0	0	0	0	0	0	0	0	0	0	0	0	0	0	12
	0	12	12	12	12	12	12	12	0	0	12	12	12	0	0	0	0	0	12	12	12	0	0	0	0	0	0	0	0	12	0	12	12	0	0	0	0	12	0	0	0	0	0	0	0	0	12	12	0	0	0	0	0	0	0	0	0	0	0	0	0	0	0	0	0	0	0	0	0	0	0	0	0	0	0	0	0	0	12
	0	12	12	12	12	12	12	12	0	0	12	12	12	0	0	0	0	0	12	12	12	0	0	0	0	0	0	0	0	12	0	12	12	0	0	0	0	12	0	0	0	0	0	0	0	0	12	12	0	0	0	0	0	0	0	0	0	0	0	0	0	0	0	0	0	0	0	0	0	0	0	0	0	0	0	0	0	0	12
	0	12	12	12	12	12	12	12	0	0	12	12	12	0	0	0	0	0	12	12	12	0	0	0	0	0	0	0	0	12	0	12	12	0	0	0	0	12	0	0	0	0	0	0	0	0	12	12	0	0	0	0	0	0	0	0	0	0	0	0	0	0	0	0	0	0	0	0	0	0	0	0	0	0	0	0	0	0	12
	0	12	12	12	12	12	12	12	0	0	12	12	12	0	0	0	0	0	12	12	12	0	0	0	0	0	0	0	0	12	0	12	12	0	0	0	0	12	0	0	0	0	0	0	0	0	12	12	0	0	0	0	0	0	0	0	0	0	0	0	0	0	0	0	0	0	0	0	0	0	0	0	0	0	0	0	0	0	12
	0	12	12	12	12	12	12	12	0	0	12	12	12	0	0	0	0	0	12	12	12	0	0	0	0	0	0	0	0	12	0	12	12	0	0	0	0	12	0	0	0	0	0	0	0	0	12	12	0	0	0	0	0	0	0	0	0	0	0	0	0	0	0	0	0	0	0	0	0	0	0	0	0	0	0	0	0	0	12
	0	12	12	12	12	12	12	12	0	0	12	12	12	0	0	0	0	0	12	12	12	0	0	0	0	0	0	0	0	12	0	12	12	0	0	0	0	12	0	0	0	0	0	0	0	0	12	12	0	0	0	0	0	0	0	0	0	0	0	0	0	0	0	0	0	0	0	0	0	0	0	0	0	0	0	0	0	0	12
	0	12	12	12	12	12	12	12	0	0	12	12	12	0	0	0	0	0	12	12	12	0	0	0	0	0	0	0	0	12	0	12	12	0	0	0	0	12	0	0	0	0	0	0	0	0	12	12	0	0	0	0	0	0	0	0	0	0	0	0	0	0	0	0	0	0	0	0	0	0	0	0	0	0	0	0	0	0	12
	0	12	12	12	12	12	12	12	0	0	12	12	12	0	0	0	0	0	12	12	12	0	0	0	0	0	0	0	0	12	0	12	12	0	0	0	0	12	0	0	0	0	0	0	0	0	12	12	0	0	0	0	0	0	0	0	0	0	0	0	0	0	0	0	0	0	0	0	0	0	0	0	0	0	0	0	0	0	12
	0	12	12	12	12	12	12	12	0	0	12	12	12	0	0	0	0	0	12	12	12	0	0	0	0	0	0	0	0	12	0	12	12	0	0	0	0	12	0	0	0	0	0	0	0	0	12	12	0	0	0	0	0	0	0	0	0	0	0	0	0	0	0	0	0	0	0	0	0	0	0	0	0	0	0	0	0	0	12
	0	12	12	12	12	12	12	12	0	0	12	12	12	0	0	0	0	0	12	12	12	0	0	0	0	0	0	0	0	12	0	12	12	0	0	0	0	12	0	0	0	0	0	0	0	0	12	12	0	0	0	0	0	0	0	0	0	0	0	0	0	0	0	0	0	0	0	0	0	0	0	0	0	0	0	0	0	0	12
	0	12	12	12	12	12	12	12	0	0	12	12	12	0	0	0	0	0	12	12	12	0	0	0	0	0	0	0	0	12	0	12	12	0	0	0	0	12	0	0	0	0	0	0	0	0	12	12	0	0	0	0	0	0	0	0	0	0	0	0	0	0	0	0	0	0	0	0	0	0	0	0	0	0	0	0	0	0	12
	0	12	12	12	12	12	12	12	0	0	12	12	12	0	0	0	0	0	12	12	12	0	0	0	0	0	0	0	0	12	0	12	12	0	0	0	0	12	0	0	0	0	0	0	0	0	12	12	0	0	0	0	0	0	0	0	0	0	0	0	0	0	0	0	0	0	0	0	0	0	0	0	0	0	0	0	0	0	12
	0	12	12	12	12	12	12	12	0	0	12	12	12	0	0	0	0	0	12	12	12	0	0	0	0	0	0	0	0	12	0	12	12	0	0	0	0	12	0	0	0	0	0	0	0	0	12	12	0	0	0	0	0	0	0	0	0	0	0	0	0	0	0	0	0	0	0	0	0	0	0	0	0	0	0	0	0	0	12
	0	12	12	12	12	12	12	12	0	0	12	12	12	0	0	0	0	0	12	12	12	0	0	0	0	0	0	0	0	12	0	12	12	0	0	0	0	12	0	0	0	0	0	0	0	0	12	12	0	0	0	0	0	0	0	0	0	0	0	0	0	0	0	0	0	0	0	0	0	0	0	0	0	0	0	0	0	0	12
	0	12	12	12	12	12	12	12	0	0	12	12	12	0	0	0	0	0	12	12	12	0	0	0	0	0	0	0	0	12	0	12	12	0	0	0	0	12	0	0	0	0	0	0	0	0	12	12	0	0	0	0	0	0	0	0	0	0	0	0	0	0	0	0	0	0	0	0	0	0	0	0	0	0	0	0	0	0	12
	0	12	12	12	12	12	12	12	0	0	12	12	12	0	0	0	0	0	12	12	12	0	0	0	0	0	0	0	0	12	0	12	12	0	0	0	0	12	0	0	0	0	0	0	0	0	12	12	0	0	0	0	0	0	0	0	0	0	0	0	0	0	0	0	0	0	0	0	0	0	0	0	0	0	0	0	0	0	12
	0	12	12	12	12	12	12	12	0	0	12	12	12	0	0	0	0	0	12	12	12	0	0	0	0	0	0	0	0	12	0	12	12	0	0	0	0	12	0	0	0	0	0	0	0	0	12	12	0	0	0	0	0	0	0	0	0	0	0	0	0	0	0	0	0	0	0	0	0	0	0	0	0	0	0	0	0	0	12
	0	12	12	12	12	12	12	12	0	0	12	12	12	0	0	0	0	0	12	12	12	0	0	0	0	0	0	0	0	12	0	12	12	0	0	0	0	12	0	0	0	0	0	0	0	0	12	12	0	0	0	0	0	0	0	0	0	0	0	0	0	0	0	0	0	0	0	0	0	0	0	0	0	0	0	0	0	0	12
	0	12	12	12	12	12	12	12	0	0	12	12	12	0	0	0	0	0	12	12	12	0	0	0	0	0	0	0	0	12	0	12	12	0	0	0	0	12	0	0	0	0	0	0	0	0	12	12	0	0	0	0	0	0	0	0	0	0	0	0	0	0	0	0	0	0	0	0	0	0	0	0	0	0	0	0	0	0	12
	0	12	12	12	12	12	12	12	0	0	12	12	12	0	0	0	0	0	12	12	12	0	0	0	0	0	0	0	0	12	0	12	12	0	0	0	0	12	0	0	0	0	0	0	0	0	12	12	0	0	0	0	0	0	0	0	0	0	0	0	0	0	0	0	0	0	0	0	0	0	0	0	0	0	0	0	0	0	12
	0	12	12	12	12	12	12	12	0	0	12	12	12	0	0	0	0	0	12	12	12	0	0	0	0	0	0	0	0	12	0	12	12	0	0	0	0	12	0	0	0	0	0	0	0	0	12	12	0	0	0	0	0	0	0	0	0	0	0	0	0	0	0	0	0	0	0	0	0	0	0	0	0	0	0	0	0	0	12
	0	12	12	12	12	12	12	12	0	0	12	12	12	0	0	0	0	0	12	12	12	0	0	0	0	0	0	0	0	12	0	12	12	0	0	0	0	12	0	0	0	0	0	0	0	0	12	12	0	0	0	0	0	0	0	0	0	0	0	0	0	0	0	0	0	0	0	0	0	0	0	0	0	0	0	0	0	0	12
	0	12	12	12	12	12	12	12	0	0	12	12	12	0	0	0	0	0	12	12	12	0	0	0	0	0	0	0	0	12	0	12	12	0	0	0	0	12	0	0	0	0	0	0	0	0	12	12	0	0	0	0	0	0	0	0	0	0	0	0	0	0	0	0	0	0	0	0	0	0	0	0	0	0	0	0	0	0	12
	12	0	0	0	0	0	0	0	12	12	0	0	0	12	12	12	12	12	0	0	0	12	12	12	12	12	12	12	12	8	12	0	0	12	12	12	12	0	12	12	12	12	12	12	12	12	8	8	12	12	12	12	12	12	12	12	12	12	12	12	12	12	12	12	12	12	12	12	12	12	12	12	12	12	12	12	12	12	0