20090105
158
VEHICLE
NUMBER
25

CUSTOMER
CUST NO.	XCOORD.	YCOORD.	DEMAND	STAFF1  STAFF2	READY TIME	DUE DATE	SERVICE TIME
	0	0	0	0	0	0	0	1440	0
	1	0	0	3	3	0	530	590	6
	2	0	0	1	2	0	500	560	3
	3	0	0	1	2	0	535	625	8
	4	0	0	2	2	1	620	680	10
	5	0	0	2	2	0	530	590	10
	6	0	0	2	2	1	530	590	10
	7	0	0	2	2	0	630	690	10
	8	0	0	2	2	0	610	670	3
	9	0	0	2	2	0	480	540	10
	10	0	0	2	2	1	625	685	3
	11	0	0	1	2	0	480	510	8
	12	0	0	1	2	0	480	570	8
	13	0	0	1	2	0	490	550	10
	14	0	0	1	2	0	480	540	10
	15	0	0	1	2	0	480	540	18
	16	0	0	1	2	0	580	640	10
	17	0	0	1	2	1	480	510	10
	18	0	0	2	2	0	580	640	10
	19	0	0	4	3	0	490	550	10
	20	0	0	1	2	0	570	630	10
	21	0	0	2	2	0	585	675	8
	22	0	0	1	2	0	495	555	10
	23	0	0	2	2	0	480	500	10
	24	0	0	1	2	0	480	1200	8
	25	0	0	3	2	1	750	1200	8
	26	0	0	1	2	0	641	701	8
	27	0	0	1	2	0	480	750	8
	28	0	0	2	2	0	602	662	8
	29	0	0	2	2	0	655	745	8
	30	0	0	3	2	0	750	1200	8
	31	0	0	4	3	0	597	657	8
	32	0	0	1	2	0	840	900	10
	33	0	0	1	2	0	865	925	10
	34	0	0	2	2	0	870	930	10
	35	0	0	3	2	0	480	1200	8
	36	0	0	3	2	1	750	1200	8
	37	0	0	1	2	0	480	750	8
	38	0	0	1	2	0	480	750	8
	39	0	0	3	2	0	750	1200	8
	40	0	0	1	2	0	480	750	8
	41	0	0	1	2	0	480	750	8
	42	0	0	1	2	0	480	750	8
	43	0	0	1	2	0	480	750	8
	44	0	0	1	2	0	480	1200	8
	45	0	0	1	2	0	480	750	8
	46	0	0	3	2	0	480	750	8
	47	0	0	2	2	0	570	630	8
	48	0	0	1	2	0	640	700	8
	49	0	0	1	2	0	750	1200	8
	50	0	0	2	2	0	880	940	10
	51	0	0	1	2	0	706	826	8
	52	0	0	2	2	0	668	728	8
	53	0	0	1	2	0	750	1200	8
	54	0	0	3	2	0	480	1200	8
	55	0	0	2	3	0	668	728	8
	56	0	0	2	2	0	766	886	8
	57	0	0	1	2	0	670	790	8
	58	0	0	1	2	0	750	1200	8
	59	0	0	3	3	0	669	729	8
	60	0	0	1	3	0	750	1200	8
	61	0	0	1	2	0	669	729	8
	62	0	0	2	2	0	668	728	8
	63	0	0	2	2	0	670	730	8
	64	0	0	2	2	0	670	730	8
	65	0	0	3	2	0	480	750	8
	66	0	0	1	2	0	480	1200	8
	67	0	0	3	2	0	750	1200	8
	68	0	0	3	3	0	750	1200	8
	69	0	0	2	2	0	780	840	9
	70	0	0	3	2	0	480	750	8
	71	0	0	2	2	0	668	728	8
	72	0	0	1	2	0	750	1200	8
	73	0	0	1	2	0	750	1200	8
	74	0	0	1	2	0	480	750	8
	75	0	0	1	3	0	480	1200	8
	76	0	0	1	2	1	480	1200	8
	77	0	0	1	2	0	631	691	8
	78	0	0	3	2	0	750	1200	8
	79	0	0	1	2	0	480	1200	8
	80	0	0	3	2	0	480	1200	8
	81	0	0	1	2	1	480	1200	8
	82	0	0	3	2	0	480	750	8
	83	0	0	1	2	0	480	1200	8
	84	0	0	1	2	0	480	1200	8
	85	0	0	1	2	0	480	750	8
	86	0	0	1	2	0	480	1200	8
	87	0	0	3	2	0	480	1200	8
	88	0	0	1	2	0	480	750	8
	89	0	0	3	2	0	480	1200	8
	90	0	0	2	2	0	669	729	8
	91	0	0	3	2	0	480	1200	8
	92	0	0	1	2	0	900	1020	8
	93	0	0	1	2	0	829	949	8
	94	0	0	1	2	0	750	1200	8
	95	0	0	3	2	0	750	1200	8
	96	0	0	3	2	0	480	1200	8
	97	0	0	3	2	0	480	1200	8
	98	0	0	1	2	0	750	1200	8
	99	0	0	1	2	0	845	905	8
	100	0	0	1	2	0	844	904	8
	101	0	0	1	2	0	750	1200	8
	102	0	0	1	2	0	750	1200	8
	103	0	0	2	2	0	884	944	8
	104	0	0	3	2	0	480	1200	8
	105	0	0	3	2	0	750	1200	8
	106	0	0	1	2	0	745	895	8
	107	0	0	1	2	0	750	1200	8
	108	0	0	1	2	0	750	1200	8
	109	0	0	3	2	0	920	1070	8
	110	0	0	3	2	0	900	1050	8
	111	0	0	1	2	1	870	1020	8
	112	0	0	3	2	1	960	1080	8
	113	0	0	3	2	0	960	1080	8
	114	0	0	1	2	0	960	1080	8
	115	0	0	1	3	0	829	889	8
	116	0	0	1	2	1	829	889	8
	117	0	0	1	2	0	828	888	8
	118	0	0	1	3	0	828	888	8
	119	0	0	3	2	0	480	1200	8
	120	0	0	3	2	0	960	1080	8
	121	0	0	1	2	0	960	1080	8
	122	0	0	3	2	0	930	1050	8
	123	0	0	1	2	0	480	1200	8
	124	0	0	1	2	0	480	1200	8
	125	0	0	3	2	0	750	1200	8
	126	0	0	1	2	0	480	1200	8
	127	0	0	3	2	0	922	1072	8
	128	0	0	3	3	0	480	1200	8
	129	0	0	1	2	0	480	1200	8
	130	0	0	1	2	0	750	1200	8
	131	0	0	1	2	0	927	1077	8
	132	0	0	3	3	0	480	1200	8
	133	0	0	1	2	0	990	1140	8
	134	0	0	3	2	0	1008	1158	8
	135	0	0	2	2	1	884	1004	8
	136	0	0	3	2	0	480	1200	8
	137	0	0	3	2	0	960	1080	8
	138	0	0	1	2	0	960	1080	8
	139	0	0	3	2	0	982	1102	8
	140	0	0	4	2	0	862	922	8
	141	0	0	2	2	0	862	982	8
	142	0	0	1	2	0	949	1099	8
	143	0	0	1	2	0	480	1200	8
	144	0	0	1	2	0	480	1200	8
	145	0	0	1	2	0	480	1200	8
	146	0	0	2	3	0	913	973	8
	147	0	0	1	2	0	480	1200	8
	148	0	0	1	2	0	750	1200	8
	149	0	0	1	2	0	480	1200	8
	150	0	0	1	2	0	1045	1195	8
	151	0	0	3	2	0	750	1200	8
	152	0	0	3	2	0	1040	1190	8
	153	0	0	3	2	0	480	1200	8
	154	0	0	2	2	0	510	570	10
	155	0	0	1	2	0	480	1200	8
	156	0	0	1	2	0	480	1200	8
	157	0	0	1	2	0	750	1200	8
	158	0	0	1	2	0	1020	1140	8
Travel Time Between Locations
	0	30	9	11	20	23	23	13	11	13	9	11	11	6	7	7	7	8	7	16	16	12	12	9	11	11	11	0	14	0	11	12	14	12	12	11	11	0	0	0	0	0	0	11	11	11	0	8	11	11	7	0	0	11	11	0	8	8	11	11	11	11	0	6	6	0	0	11	11	13	0	0	11	11	0	0	0	11	0	0	0	0	0	0	0	11	12	0	0	0	0	0	0	0	0	11	0	0	11	11	11	0	0	0	0	0	0	0	0	0	0	0	12	12	12	11	11	11	11	0	12	12	12	0	0	0	0	0	0	0	0	0	0	0	0	0	0	12	12	0	0	0	0	0	0	0	0	0	0	0	0	0	0	0	9	11	11	11	12
	30	0	26	26	38	39	39	30	30	30	32	26	26	29	30	28	26	27	31	24	23	24	24	27	26	26	26	30	20	30	26	24	24	21	25	26	26	30	30	30	30	30	30	26	26	26	30	33	26	26	31	30	30	26	26	30	24	24	26	26	26	26	30	31	31	30	30	26	26	21	30	30	26	26	30	30	30	26	30	30	30	30	30	30	30	26	24	30	30	30	30	30	30	30	30	26	30	30	26	26	26	30	30	30	30	30	30	30	30	30	30	30	24	24	24	26	26	26	26	30	24	24	24	30	30	30	30	30	30	30	30	30	30	30	30	30	30	24	24	30	30	30	30	30	30	30	30	30	30	30	30	30	30	30	24	26	26	26	24
	9	26	0	5	23	20	20	9	9	11	11	5	5	7	10	8	5	7	10	11	10	6	5	8	5	5	5	9	8	9	5	6	9	8	3	5	5	9	9	9	9	9	9	5	5	5	9	12	5	5	10	9	9	5	5	9	3	3	5	5	5	5	9	9	9	9	9	5	5	10	9	9	5	5	9	9	9	5	9	9	9	9	9	9	9	5	6	9	9	9	9	9	9	9	9	5	9	9	5	5	5	9	9	9	9	9	9	9	9	9	9	9	6	6	6	5	5	5	5	9	6	6	6	9	9	9	9	9	9	9	9	9	9	9	9	9	9	6	6	9	9	9	9	9	9	9	9	9	9	9	9	9	9	9	3	5	5	5	6
	11	26	5	0	23	24	24	10	12	12	11	0	0	8	10	10	8	9	11	12	11	8	8	9	0	0	0	11	10	11	0	8	10	9	8	0	0	11	11	11	11	11	11	0	0	0	11	12	0	0	11	11	11	0	0	11	3	3	0	0	0	0	11	9	9	11	11	0	0	10	11	11	0	0	11	11	11	0	11	11	11	11	11	11	11	0	8	11	11	11	11	11	11	11	11	0	11	11	0	0	0	11	11	11	11	11	11	11	11	11	11	11	8	8	8	0	0	0	0	11	8	8	8	11	11	11	11	11	11	11	11	11	11	11	11	11	11	8	8	11	11	11	11	11	11	11	11	11	11	11	11	11	11	11	7	0	0	0	8
	20	38	23	23	0	8	8	16	18	15	17	23	23	21	20	20	20	21	20	21	21	20	19	22	23	23	23	20	21	20	23	20	20	17	20	23	23	20	20	20	20	20	20	23	23	23	20	17	23	23	20	20	20	23	23	20	22	22	23	23	23	23	20	19	19	20	20	23	23	22	20	20	23	23	20	20	20	23	20	20	20	20	20	20	20	23	20	20	20	20	20	20	20	20	20	23	20	20	23	23	23	20	20	20	20	20	20	20	20	20	20	20	20	20	20	23	23	23	23	20	20	20	20	20	20	20	20	20	20	20	20	20	20	20	20	20	20	20	20	20	20	20	20	20	20	20	20	20	20	20	20	20	20	20	22	23	23	23	20
	23	39	20	24	8	0	0	17	15	15	17	24	24	22	21	20	21	21	21	22	22	20	19	22	24	24	24	23	22	23	24	20	21	19	21	24	24	23	23	23	23	23	23	24	24	24	23	18	24	24	21	23	23	24	24	23	22	22	24	24	24	24	23	20	20	23	23	24	24	23	23	23	24	24	23	23	23	24	23	23	23	23	23	23	23	24	20	23	23	23	23	23	23	23	23	24	23	23	24	24	24	23	23	23	23	23	23	23	23	23	23	23	20	20	20	24	24	24	24	23	20	20	20	23	23	23	23	23	23	23	23	23	23	23	23	23	23	20	20	23	23	23	23	23	23	23	23	23	23	23	23	23	23	23	21	24	24	24	20
	23	39	20	24	8	0	0	17	15	15	17	24	24	22	21	20	21	21	21	22	22	20	19	22	24	24	24	23	22	23	24	20	21	19	21	24	24	23	23	23	23	23	23	24	24	24	23	18	24	24	21	23	23	24	24	23	22	22	24	24	24	24	23	20	20	23	23	24	24	23	23	23	24	24	23	23	23	24	23	23	23	23	23	23	23	24	20	23	23	23	23	23	23	23	23	24	23	23	24	24	24	23	23	23	23	23	23	23	23	23	23	23	20	20	20	24	24	24	24	23	20	20	20	23	23	23	23	23	23	23	23	23	23	23	23	23	23	20	20	23	23	23	23	23	23	23	23	23	23	23	23	23	23	23	21	24	24	24	20
	13	30	9	10	16	17	17	0	7	11	11	10	10	12	14	12	12	13	12	12	12	10	10	14	10	10	10	13	13	13	10	10	12	9	12	10	10	13	13	13	13	13	13	10	10	10	13	15	10	10	12	13	13	10	10	13	9	9	10	10	10	10	13	13	13	13	13	10	10	14	13	13	10	10	13	13	13	10	13	13	13	13	13	13	13	10	10	13	13	13	13	13	13	13	13	10	13	13	10	10	10	13	13	13	13	13	13	13	13	13	13	13	10	10	10	10	10	10	10	13	10	10	10	13	13	13	13	13	13	13	13	13	13	13	13	13	13	10	10	13	13	13	13	13	13	13	13	13	13	13	13	13	13	13	10	10	10	10	10
	11	30	9	12	18	15	15	7	0	4	7	12	12	12	14	12	12	13	15	14	14	12	12	14	12	12	12	11	13	11	12	12	13	9	12	12	12	11	11	11	11	11	11	12	12	12	11	13	12	12	15	11	11	12	12	11	9	9	12	12	12	12	11	14	14	11	11	12	12	15	11	11	12	12	11	11	11	12	11	11	11	11	11	11	11	12	12	11	11	11	11	11	11	11	11	12	11	11	12	12	12	11	11	11	11	11	11	11	11	11	11	11	12	12	12	12	12	12	12	11	12	12	12	11	11	11	11	11	11	11	11	11	11	11	11	11	11	12	12	11	11	11	11	11	11	11	11	11	11	11	11	11	11	11	10	12	12	12	12
	13	30	11	12	15	15	15	11	4	0	11	12	12	14	16	14	15	16	14	14	15	12	12	16	12	12	12	13	13	13	12	12	12	9	12	12	12	13	13	13	13	13	13	12	12	12	13	15	12	12	14	13	13	12	12	13	11	11	12	12	12	12	13	16	16	13	13	12	12	15	13	13	12	12	13	13	13	12	13	13	13	13	13	13	13	12	12	13	13	13	13	13	13	13	13	12	13	13	12	12	12	13	13	13	13	13	13	13	13	13	13	13	12	12	12	12	12	12	12	13	12	12	12	13	13	13	13	13	13	13	13	13	13	13	13	13	13	12	12	13	13	13	13	13	13	13	13	13	13	13	13	13	13	13	12	12	12	12	12
	9	32	11	11	17	17	17	11	7	11	0	11	11	12	10	8	10	11	8	16	17	14	12	11	11	11	11	9	15	9	11	14	15	14	13	11	11	9	9	9	9	9	9	11	11	11	9	7	11	11	8	9	9	11	11	9	9	9	11	11	11	11	9	12	12	9	9	11	11	14	9	9	11	11	9	9	9	11	9	9	9	9	9	9	9	11	14	9	9	9	9	9	9	9	9	11	9	9	11	11	11	9	9	9	9	9	9	9	9	9	9	9	14	14	14	11	11	11	11	9	14	14	14	9	9	9	9	9	9	9	9	9	9	9	9	9	9	14	14	9	9	9	9	9	9	9	9	9	9	9	9	9	9	9	12	11	11	11	14
	11	26	5	0	23	24	24	10	12	12	11	0	0	8	10	10	8	9	11	12	11	8	8	9	0	0	0	11	10	11	0	8	10	9	8	0	0	11	11	11	11	11	11	0	0	0	11	12	0	0	11	11	11	0	0	11	3	3	0	0	0	0	11	9	9	11	11	0	0	10	11	11	0	0	11	11	11	0	11	11	11	11	11	11	11	0	8	11	11	11	11	11	11	11	11	0	11	11	0	0	0	11	11	11	11	11	11	11	11	11	11	11	8	8	8	0	0	0	0	11	8	8	8	11	11	11	11	11	11	11	11	11	11	11	11	11	11	8	8	11	11	11	11	11	11	11	11	11	11	11	11	11	11	11	7	0	0	0	8
	11	26	5	0	23	24	24	10	12	12	11	0	0	8	10	10	8	9	11	12	11	8	8	9	0	0	0	11	10	11	0	8	10	9	8	0	0	11	11	11	11	11	11	0	0	0	11	12	0	0	11	11	11	0	0	11	3	3	0	0	0	0	11	9	9	11	11	0	0	10	11	11	0	0	11	11	11	0	11	11	11	11	11	11	11	0	8	11	11	11	11	11	11	11	11	0	11	11	0	0	0	11	11	11	11	11	11	11	11	11	11	11	8	8	8	0	0	0	0	11	8	8	8	11	11	11	11	11	11	11	11	11	11	11	11	11	11	8	8	11	11	11	11	11	11	11	11	11	11	11	11	11	11	11	7	0	0	0	8
	6	29	7	8	21	22	22	12	12	14	12	8	8	0	6	5	4	6	5	13	13	9	10	7	8	8	8	6	13	6	8	9	13	10	10	8	8	6	6	6	6	6	6	8	8	8	6	7	8	8	5	6	6	8	8	6	5	5	8	8	8	8	6	4	4	6	6	8	8	12	6	6	8	8	6	6	6	8	6	6	6	6	6	6	6	8	9	6	6	6	6	6	6	6	6	8	6	6	8	8	8	6	6	6	6	6	6	6	6	6	6	6	9	9	9	8	8	8	8	6	9	9	9	6	6	6	6	6	6	6	6	6	6	6	6	6	6	9	9	6	6	6	6	6	6	6	6	6	6	6	6	6	6	6	9	8	8	8	9
	7	30	10	10	20	21	21	14	14	16	10	10	10	6	0	2	7	9	3	17	16	12	13	5	10	10	10	7	14	7	10	12	16	14	13	10	10	7	7	7	7	7	7	10	10	10	7	10	10	10	3	7	7	10	10	7	10	10	10	10	10	10	7	8	8	7	7	10	10	14	7	7	10	10	7	7	7	10	7	7	7	7	7	7	7	10	12	7	7	7	7	7	7	7	7	10	7	7	10	10	10	7	7	7	7	7	7	7	7	7	7	7	12	12	12	10	10	10	10	7	12	12	12	7	7	7	7	7	7	7	7	7	7	7	7	7	7	12	12	7	7	7	7	7	7	7	7	7	7	7	7	7	7	7	9	10	10	10	12
	7	28	8	10	20	20	20	12	12	14	8	10	10	5	2	0	5	7	3	15	14	10	11	3	10	10	10	7	12	7	10	10	14	13	11	10	10	7	7	7	7	7	7	10	10	10	7	9	10	10	3	7	7	10	10	7	8	8	10	10	10	10	7	7	7	7	7	10	10	12	7	7	10	10	7	7	7	10	7	7	7	7	7	7	7	10	10	7	7	7	7	7	7	7	7	10	7	7	10	10	10	7	7	7	7	7	7	7	7	7	7	7	10	10	10	10	10	10	10	7	10	10	10	7	7	7	7	7	7	7	7	7	7	7	7	7	7	10	10	7	7	7	7	7	7	7	7	7	7	7	7	7	7	7	7	10	10	10	10
	7	26	5	8	20	21	21	12	12	15	10	8	8	4	7	5	0	4	5	10	11	9	7	6	8	8	8	7	10	7	8	9	9	9	8	8	8	7	7	7	7	7	7	8	8	8	7	10	8	8	5	7	7	8	8	7	5	5	8	8	8	8	7	6	6	7	7	8	8	10	7	7	8	8	7	7	7	8	7	7	7	7	7	7	7	8	9	7	7	7	7	7	7	7	7	8	7	7	8	8	8	7	7	7	7	7	7	7	7	7	7	7	9	9	9	8	8	8	8	7	9	9	9	7	7	7	7	7	7	7	7	7	7	7	7	7	7	9	9	7	7	7	7	7	7	7	7	7	7	7	7	7	7	7	6	8	8	8	9
	8	27	7	9	21	21	21	13	13	16	11	9	9	6	9	7	4	0	8	11	11	9	8	4	9	9	9	8	11	8	9	9	11	10	9	9	9	8	8	8	8	8	8	9	9	9	8	11	9	9	8	8	8	9	9	8	6	6	9	9	9	9	8	7	7	8	8	9	9	8	8	8	9	9	8	8	8	9	8	8	8	8	8	8	8	9	9	8	8	8	8	8	8	8	8	9	8	8	9	9	9	8	8	8	8	8	8	8	8	8	8	8	9	9	9	9	9	9	9	8	9	9	9	8	8	8	8	8	8	8	8	8	8	8	8	8	8	9	9	8	8	8	8	8	8	8	8	8	8	8	8	8	8	8	6	9	9	9	9
	7	31	10	11	20	21	21	12	15	14	8	11	11	5	3	3	5	8	0	15	15	11	12	4	11	11	11	7	14	7	11	11	14	13	13	11	11	7	7	7	7	7	7	11	11	11	7	10	11	11	0	7	7	11	11	7	8	8	11	11	11	11	7	6	6	7	7	11	11	14	7	7	11	11	7	7	7	11	7	7	7	7	7	7	7	11	11	7	7	7	7	7	7	7	7	11	7	7	11	11	11	7	7	7	7	7	7	7	7	7	7	7	11	11	11	11	11	11	11	7	11	11	11	7	7	7	7	7	7	7	7	7	7	7	7	7	7	11	11	7	7	7	7	7	7	7	7	7	7	7	7	7	7	7	10	11	11	11	11
	16	24	11	12	21	22	22	12	14	14	16	12	12	13	17	15	10	11	15	0	2	8	8	12	12	12	12	16	4	16	12	8	5	6	9	12	12	16	16	16	16	16	16	12	12	12	16	19	12	12	15	16	16	12	12	16	9	9	12	12	12	12	16	15	15	16	16	12	12	8	16	16	12	12	16	16	16	12	16	16	16	16	16	16	16	12	8	16	16	16	16	16	16	16	16	12	16	16	12	12	12	16	16	16	16	16	16	16	16	16	16	16	8	8	8	12	12	12	12	16	8	8	8	16	16	16	16	16	16	16	16	16	16	16	16	16	16	8	8	16	16	16	16	16	16	16	16	16	16	16	16	16	16	16	9	12	12	12	8
	16	23	10	11	21	22	22	12	14	15	17	11	11	13	16	14	11	11	15	2	0	7	7	11	11	11	11	16	4	16	11	7	3	6	8	11	11	16	16	16	16	16	16	11	11	11	16	19	11	11	15	16	16	11	11	16	9	9	11	11	11	11	16	15	15	16	16	11	11	8	16	16	11	11	16	16	16	11	16	16	16	16	16	16	16	11	7	16	16	16	16	16	16	16	16	11	16	16	11	11	11	16	16	16	16	16	16	16	16	16	16	16	7	7	7	11	11	11	11	16	7	7	7	16	16	16	16	16	16	16	16	16	16	16	16	16	16	7	7	16	16	16	16	16	16	16	16	16	16	16	16	16	16	16	9	11	11	11	7
	12	24	6	8	20	20	20	10	12	12	14	8	8	9	12	10	9	9	11	8	7	0	2	7	8	8	8	12	7	12	8	0	7	3	3	8	8	12	12	12	12	12	12	8	8	8	12	15	8	8	11	12	12	8	8	12	5	5	8	8	8	8	12	10	10	12	12	8	8	9	12	12	8	8	12	12	12	8	12	12	12	12	12	12	12	8	0	12	12	12	12	12	12	12	12	8	12	12	8	8	8	12	12	12	12	12	12	12	12	12	12	12	0	0	0	8	8	8	8	12	0	0	0	12	12	12	12	12	12	12	12	12	12	12	12	12	12	0	0	12	12	12	12	12	12	12	12	12	12	12	12	12	12	12	5	8	8	8	0
	12	24	5	8	19	19	19	10	12	12	12	8	8	10	13	11	7	8	12	8	7	2	0	8	8	8	8	12	7	12	8	2	6	3	2	8	8	12	12	12	12	12	12	8	8	8	12	16	8	8	12	12	12	8	8	12	5	5	8	8	8	8	12	11	11	12	12	8	8	9	12	12	8	8	12	12	12	8	12	12	12	12	12	12	12	8	2	12	12	12	12	12	12	12	12	8	12	12	8	8	8	12	12	12	12	12	12	12	12	12	12	12	2	2	2	8	8	8	8	12	2	2	2	12	12	12	12	12	12	12	12	12	12	12	12	12	12	2	2	12	12	12	12	12	12	12	12	12	12	12	12	12	12	12	4	8	8	8	2
	9	27	8	9	22	22	22	14	14	16	11	9	9	7	5	3	6	4	4	12	11	7	8	0	9	9	9	9	11	9	9	7	11	10	9	9	9	9	9	9	9	9	9	9	9	9	9	11	9	9	4	9	9	9	9	9	6	6	9	9	9	9	9	9	9	9	9	9	9	10	9	9	9	9	9	9	9	9	9	9	9	9	9	9	9	9	7	9	9	9	9	9	9	9	9	9	9	9	9	9	9	9	9	9	9	9	9	9	9	9	9	9	7	7	7	9	9	9	9	9	7	7	7	9	9	9	9	9	9	9	9	9	9	9	9	9	9	7	7	9	9	9	9	9	9	9	9	9	9	9	9	9	9	9	6	9	9	9	7
	11	26	5	0	23	24	24	10	12	12	11	0	0	8	10	10	8	9	11	12	11	8	8	9	0	0	0	11	10	11	0	8	10	9	8	0	0	11	11	11	11	11	11	0	0	0	11	12	0	0	11	11	11	0	0	11	3	3	0	0	0	0	11	9	9	11	11	0	0	10	11	11	0	0	11	11	11	0	11	11	11	11	11	11	11	0	8	11	11	11	11	11	11	11	11	0	11	11	0	0	0	11	11	11	11	11	11	11	11	11	11	11	8	8	8	0	0	0	0	11	8	8	8	11	11	11	11	11	11	11	11	11	11	11	11	11	11	8	8	11	11	11	11	11	11	11	11	11	11	11	11	11	11	11	7	0	0	0	8
	11	26	5	0	23	24	24	10	12	12	11	0	0	8	10	10	8	9	11	12	11	8	8	9	0	0	0	11	10	11	0	8	10	9	8	0	0	11	11	11	11	11	11	0	0	0	11	12	0	0	11	11	11	0	0	11	3	3	0	0	0	0	11	9	9	11	11	0	0	10	11	11	0	0	11	11	11	0	11	11	11	11	11	11	11	0	8	11	11	11	11	11	11	11	11	0	11	11	0	0	0	11	11	11	11	11	11	11	11	11	11	11	8	8	8	0	0	0	0	11	8	8	8	11	11	11	11	11	11	11	11	11	11	11	11	11	11	8	8	11	11	11	11	11	11	11	11	11	11	11	11	11	11	11	7	0	0	0	8
	11	26	5	0	23	24	24	10	12	12	11	0	0	8	10	10	8	9	11	12	11	8	8	9	0	0	0	11	10	11	0	8	10	9	8	0	0	11	11	11	11	11	11	0	0	0	11	12	0	0	11	11	11	0	0	11	3	3	0	0	0	0	11	9	9	11	11	0	0	10	11	11	0	0	11	11	11	0	11	11	11	11	11	11	11	0	8	11	11	11	11	11	11	11	11	0	11	11	0	0	0	11	11	11	11	11	11	11	11	11	11	11	8	8	8	0	0	0	0	11	8	8	8	11	11	11	11	11	11	11	11	11	11	11	11	11	11	8	8	11	11	11	11	11	11	11	11	11	11	11	11	11	11	11	7	0	0	0	8
	0	30	9	11	20	23	23	13	11	13	9	11	11	6	7	7	7	8	7	16	16	12	12	9	11	11	11	0	14	0	11	12	14	12	12	11	11	0	0	0	0	0	0	11	11	11	0	8	11	11	7	0	0	11	11	0	8	8	11	11	11	11	0	6	6	0	0	11	11	13	0	0	11	11	0	0	0	11	0	0	0	0	0	0	0	11	12	0	0	0	0	0	0	0	0	11	0	0	11	11	11	0	0	0	0	0	0	0	0	0	0	0	12	12	12	11	11	11	11	0	12	12	12	0	0	0	0	0	0	0	0	0	0	0	0	0	0	12	12	0	0	0	0	0	0	0	0	0	0	0	0	0	0	0	9	11	11	11	12
	14	20	8	10	21	22	22	13	13	13	15	10	10	13	14	12	10	11	14	4	4	7	7	11	10	10	10	14	0	14	10	7	4	4	9	10	10	14	14	14	14	14	14	10	10	10	14	16	10	10	14	14	14	10	10	14	8	8	10	10	10	10	14	13	13	14	14	10	10	5	14	14	10	10	14	14	14	10	14	14	14	14	14	14	14	10	7	14	14	14	14	14	14	14	14	10	14	14	10	10	10	14	14	14	14	14	14	14	14	14	14	14	7	7	7	10	10	10	10	14	7	7	7	14	14	14	14	14	14	14	14	14	14	14	14	14	14	7	7	14	14	14	14	14	14	14	14	14	14	14	14	14	14	14	9	10	10	10	7
	0	30	9	11	20	23	23	13	11	13	9	11	11	6	7	7	7	8	7	16	16	12	12	9	11	11	11	0	14	0	11	12	14	12	12	11	11	0	0	0	0	0	0	11	11	11	0	8	11	11	7	0	0	11	11	0	8	8	11	11	11	11	0	6	6	0	0	11	11	13	0	0	11	11	0	0	0	11	0	0	0	0	0	0	0	11	12	0	0	0	0	0	0	0	0	11	0	0	11	11	11	0	0	0	0	0	0	0	0	0	0	0	12	12	12	11	11	11	11	0	12	12	12	0	0	0	0	0	0	0	0	0	0	0	0	0	0	12	12	0	0	0	0	0	0	0	0	0	0	0	0	0	0	0	9	11	11	11	12
	11	26	5	0	23	24	24	10	12	12	11	0	0	8	10	10	8	9	11	12	11	8	8	9	0	0	0	11	10	11	0	8	10	9	8	0	0	11	11	11	11	11	11	0	0	0	11	12	0	0	11	11	11	0	0	11	3	3	0	0	0	0	11	9	9	11	11	0	0	10	11	11	0	0	11	11	11	0	11	11	11	11	11	11	11	0	8	11	11	11	11	11	11	11	11	0	11	11	0	0	0	11	11	11	11	11	11	11	11	11	11	11	8	8	8	0	0	0	0	11	8	8	8	11	11	11	11	11	11	11	11	11	11	11	11	11	11	8	8	11	11	11	11	11	11	11	11	11	11	11	11	11	11	11	7	0	0	0	8
	12	24	6	8	20	20	20	10	12	12	14	8	8	9	12	10	9	9	11	8	7	0	2	7	8	8	8	12	7	12	8	0	7	3	3	8	8	12	12	12	12	12	12	8	8	8	12	15	8	8	11	12	12	8	8	12	5	5	8	8	8	8	12	10	10	12	12	8	8	9	12	12	8	8	12	12	12	8	12	12	12	12	12	12	12	8	0	12	12	12	12	12	12	12	12	8	12	12	8	8	8	12	12	12	12	12	12	12	12	12	12	12	0	0	0	8	8	8	8	12	0	0	0	12	12	12	12	12	12	12	12	12	12	12	12	12	12	0	0	12	12	12	12	12	12	12	12	12	12	12	12	12	12	12	5	8	8	8	0
	14	24	9	10	20	21	21	12	13	12	15	10	10	13	16	14	9	11	14	5	3	7	6	11	10	10	10	14	4	14	10	7	0	4	7	10	10	14	14	14	14	14	14	10	10	10	14	18	10	10	14	14	14	10	10	14	8	8	10	10	10	10	14	14	14	14	14	10	10	8	14	14	10	10	14	14	14	10	14	14	14	14	14	14	14	10	7	14	14	14	14	14	14	14	14	10	14	14	10	10	10	14	14	14	14	14	14	14	14	14	14	14	7	7	7	10	10	10	10	14	7	7	7	14	14	14	14	14	14	14	14	14	14	14	14	14	14	7	7	14	14	14	14	14	14	14	14	14	14	14	14	14	14	14	8	10	10	10	7
	12	21	8	9	17	19	19	9	9	9	14	9	9	10	14	13	9	10	13	6	6	3	3	10	9	9	9	12	4	12	9	3	4	0	5	9	9	12	12	12	12	12	12	9	9	9	12	16	9	9	13	12	12	9	9	12	7	7	9	9	9	9	12	12	12	12	12	9	9	6	12	12	9	9	12	12	12	9	12	12	12	12	12	12	12	9	3	12	12	12	12	12	12	12	12	9	12	12	9	9	9	12	12	12	12	12	12	12	12	12	12	12	3	3	3	9	9	9	9	12	3	3	3	12	12	12	12	12	12	12	12	12	12	12	12	12	12	3	3	12	12	12	12	12	12	12	12	12	12	12	12	12	12	12	7	9	9	9	3
	12	25	3	8	20	21	21	12	12	12	13	8	8	10	13	11	8	9	13	9	8	3	2	9	8	8	8	12	9	12	8	3	7	5	0	8	8	12	12	12	12	12	12	8	8	8	12	14	8	8	13	12	12	8	8	12	6	6	8	8	8	8	12	12	12	12	12	8	8	9	12	12	8	8	12	12	12	8	12	12	12	12	12	12	12	8	3	12	12	12	12	12	12	12	12	8	12	12	8	8	8	12	12	12	12	12	12	12	12	12	12	12	3	3	3	8	8	8	8	12	3	3	3	12	12	12	12	12	12	12	12	12	12	12	12	12	12	3	3	12	12	12	12	12	12	12	12	12	12	12	12	12	12	12	5	8	8	8	3
	11	26	5	0	23	24	24	10	12	12	11	0	0	8	10	10	8	9	11	12	11	8	8	9	0	0	0	11	10	11	0	8	10	9	8	0	0	11	11	11	11	11	11	0	0	0	11	12	0	0	11	11	11	0	0	11	3	3	0	0	0	0	11	9	9	11	11	0	0	10	11	11	0	0	11	11	11	0	11	11	11	11	11	11	11	0	8	11	11	11	11	11	11	11	11	0	11	11	0	0	0	11	11	11	11	11	11	11	11	11	11	11	8	8	8	0	0	0	0	11	8	8	8	11	11	11	11	11	11	11	11	11	11	11	11	11	11	8	8	11	11	11	11	11	11	11	11	11	11	11	11	11	11	11	7	0	0	0	8
	11	26	5	0	23	24	24	10	12	12	11	0	0	8	10	10	8	9	11	12	11	8	8	9	0	0	0	11	10	11	0	8	10	9	8	0	0	11	11	11	11	11	11	0	0	0	11	12	0	0	11	11	11	0	0	11	3	3	0	0	0	0	11	9	9	11	11	0	0	10	11	11	0	0	11	11	11	0	11	11	11	11	11	11	11	0	8	11	11	11	11	11	11	11	11	0	11	11	0	0	0	11	11	11	11	11	11	11	11	11	11	11	8	8	8	0	0	0	0	11	8	8	8	11	11	11	11	11	11	11	11	11	11	11	11	11	11	8	8	11	11	11	11	11	11	11	11	11	11	11	11	11	11	11	7	0	0	0	8
	0	30	9	11	20	23	23	13	11	13	9	11	11	6	7	7	7	8	7	16	16	12	12	9	11	11	11	0	14	0	11	12	14	12	12	11	11	0	0	0	0	0	0	11	11	11	0	8	11	11	7	0	0	11	11	0	8	8	11	11	11	11	0	6	6	0	0	11	11	13	0	0	11	11	0	0	0	11	0	0	0	0	0	0	0	11	12	0	0	0	0	0	0	0	0	11	0	0	11	11	11	0	0	0	0	0	0	0	0	0	0	0	12	12	12	11	11	11	11	0	12	12	12	0	0	0	0	0	0	0	0	0	0	0	0	0	0	12	12	0	0	0	0	0	0	0	0	0	0	0	0	0	0	0	9	11	11	11	12
	0	30	9	11	20	23	23	13	11	13	9	11	11	6	7	7	7	8	7	16	16	12	12	9	11	11	11	0	14	0	11	12	14	12	12	11	11	0	0	0	0	0	0	11	11	11	0	8	11	11	7	0	0	11	11	0	8	8	11	11	11	11	0	6	6	0	0	11	11	13	0	0	11	11	0	0	0	11	0	0	0	0	0	0	0	11	12	0	0	0	0	0	0	0	0	11	0	0	11	11	11	0	0	0	0	0	0	0	0	0	0	0	12	12	12	11	11	11	11	0	12	12	12	0	0	0	0	0	0	0	0	0	0	0	0	0	0	12	12	0	0	0	0	0	0	0	0	0	0	0	0	0	0	0	9	11	11	11	12
	0	30	9	11	20	23	23	13	11	13	9	11	11	6	7	7	7	8	7	16	16	12	12	9	11	11	11	0	14	0	11	12	14	12	12	11	11	0	0	0	0	0	0	11	11	11	0	8	11	11	7	0	0	11	11	0	8	8	11	11	11	11	0	6	6	0	0	11	11	13	0	0	11	11	0	0	0	11	0	0	0	0	0	0	0	11	12	0	0	0	0	0	0	0	0	11	0	0	11	11	11	0	0	0	0	0	0	0	0	0	0	0	12	12	12	11	11	11	11	0	12	12	12	0	0	0	0	0	0	0	0	0	0	0	0	0	0	12	12	0	0	0	0	0	0	0	0	0	0	0	0	0	0	0	9	11	11	11	12
	0	30	9	11	20	23	23	13	11	13	9	11	11	6	7	7	7	8	7	16	16	12	12	9	11	11	11	0	14	0	11	12	14	12	12	11	11	0	0	0	0	0	0	11	11	11	0	8	11	11	7	0	0	11	11	0	8	8	11	11	11	11	0	6	6	0	0	11	11	13	0	0	11	11	0	0	0	11	0	0	0	0	0	0	0	11	12	0	0	0	0	0	0	0	0	11	0	0	11	11	11	0	0	0	0	0	0	0	0	0	0	0	12	12	12	11	11	11	11	0	12	12	12	0	0	0	0	0	0	0	0	0	0	0	0	0	0	12	12	0	0	0	0	0	0	0	0	0	0	0	0	0	0	0	9	11	11	11	12
	0	30	9	11	20	23	23	13	11	13	9	11	11	6	7	7	7	8	7	16	16	12	12	9	11	11	11	0	14	0	11	12	14	12	12	11	11	0	0	0	0	0	0	11	11	11	0	8	11	11	7	0	0	11	11	0	8	8	11	11	11	11	0	6	6	0	0	11	11	13	0	0	11	11	0	0	0	11	0	0	0	0	0	0	0	11	12	0	0	0	0	0	0	0	0	11	0	0	11	11	11	0	0	0	0	0	0	0	0	0	0	0	12	12	12	11	11	11	11	0	12	12	12	0	0	0	0	0	0	0	0	0	0	0	0	0	0	12	12	0	0	0	0	0	0	0	0	0	0	0	0	0	0	0	9	11	11	11	12
	0	30	9	11	20	23	23	13	11	13	9	11	11	6	7	7	7	8	7	16	16	12	12	9	11	11	11	0	14	0	11	12	14	12	12	11	11	0	0	0	0	0	0	11	11	11	0	8	11	11	7	0	0	11	11	0	8	8	11	11	11	11	0	6	6	0	0	11	11	13	0	0	11	11	0	0	0	11	0	0	0	0	0	0	0	11	12	0	0	0	0	0	0	0	0	11	0	0	11	11	11	0	0	0	0	0	0	0	0	0	0	0	12	12	12	11	11	11	11	0	12	12	12	0	0	0	0	0	0	0	0	0	0	0	0	0	0	12	12	0	0	0	0	0	0	0	0	0	0	0	0	0	0	0	9	11	11	11	12
	11	26	5	0	23	24	24	10	12	12	11	0	0	8	10	10	8	9	11	12	11	8	8	9	0	0	0	11	10	11	0	8	10	9	8	0	0	11	11	11	11	11	11	0	0	0	11	12	0	0	11	11	11	0	0	11	3	3	0	0	0	0	11	9	9	11	11	0	0	10	11	11	0	0	11	11	11	0	11	11	11	11	11	11	11	0	8	11	11	11	11	11	11	11	11	0	11	11	0	0	0	11	11	11	11	11	11	11	11	11	11	11	8	8	8	0	0	0	0	11	8	8	8	11	11	11	11	11	11	11	11	11	11	11	11	11	11	8	8	11	11	11	11	11	11	11	11	11	11	11	11	11	11	11	7	0	0	0	8
	11	26	5	0	23	24	24	10	12	12	11	0	0	8	10	10	8	9	11	12	11	8	8	9	0	0	0	11	10	11	0	8	10	9	8	0	0	11	11	11	11	11	11	0	0	0	11	12	0	0	11	11	11	0	0	11	3	3	0	0	0	0	11	9	9	11	11	0	0	10	11	11	0	0	11	11	11	0	11	11	11	11	11	11	11	0	8	11	11	11	11	11	11	11	11	0	11	11	0	0	0	11	11	11	11	11	11	11	11	11	11	11	8	8	8	0	0	0	0	11	8	8	8	11	11	11	11	11	11	11	11	11	11	11	11	11	11	8	8	11	11	11	11	11	11	11	11	11	11	11	11	11	11	11	7	0	0	0	8
	11	26	5	0	23	24	24	10	12	12	11	0	0	8	10	10	8	9	11	12	11	8	8	9	0	0	0	11	10	11	0	8	10	9	8	0	0	11	11	11	11	11	11	0	0	0	11	12	0	0	11	11	11	0	0	11	3	3	0	0	0	0	11	9	9	11	11	0	0	10	11	11	0	0	11	11	11	0	11	11	11	11	11	11	11	0	8	11	11	11	11	11	11	11	11	0	11	11	0	0	0	11	11	11	11	11	11	11	11	11	11	11	8	8	8	0	0	0	0	11	8	8	8	11	11	11	11	11	11	11	11	11	11	11	11	11	11	8	8	11	11	11	11	11	11	11	11	11	11	11	11	11	11	11	7	0	0	0	8
	0	30	9	11	20	23	23	13	11	13	9	11	11	6	7	7	7	8	7	16	16	12	12	9	11	11	11	0	14	0	11	12	14	12	12	11	11	0	0	0	0	0	0	11	11	11	0	8	11	11	7	0	0	11	11	0	8	8	11	11	11	11	0	6	6	0	0	11	11	13	0	0	11	11	0	0	0	11	0	0	0	0	0	0	0	11	12	0	0	0	0	0	0	0	0	11	0	0	11	11	11	0	0	0	0	0	0	0	0	0	0	0	12	12	12	11	11	11	11	0	12	12	12	0	0	0	0	0	0	0	0	0	0	0	0	0	0	12	12	0	0	0	0	0	0	0	0	0	0	0	0	0	0	0	9	11	11	11	12
	8	33	12	12	17	18	18	15	13	15	7	12	12	7	10	9	10	11	10	19	19	15	16	11	12	12	12	8	16	8	12	15	18	16	14	12	12	8	8	8	8	8	8	12	12	12	8	0	12	12	10	8	8	12	12	8	12	12	12	12	12	12	8	9	9	8	8	12	12	16	8	8	12	12	8	8	8	12	8	8	8	8	8	8	8	12	15	8	8	8	8	8	8	8	8	12	8	8	12	12	12	8	8	8	8	8	8	8	8	8	8	8	15	15	15	12	12	12	12	8	15	15	15	8	8	8	8	8	8	8	8	8	8	8	8	8	8	15	15	8	8	8	8	8	8	8	8	8	8	8	8	8	8	8	12	12	12	12	15
	11	26	5	0	23	24	24	10	12	12	11	0	0	8	10	10	8	9	11	12	11	8	8	9	0	0	0	11	10	11	0	8	10	9	8	0	0	11	11	11	11	11	11	0	0	0	11	12	0	0	11	11	11	0	0	11	3	3	0	0	0	0	11	9	9	11	11	0	0	10	11	11	0	0	11	11	11	0	11	11	11	11	11	11	11	0	8	11	11	11	11	11	11	11	11	0	11	11	0	0	0	11	11	11	11	11	11	11	11	11	11	11	8	8	8	0	0	0	0	11	8	8	8	11	11	11	11	11	11	11	11	11	11	11	11	11	11	8	8	11	11	11	11	11	11	11	11	11	11	11	11	11	11	11	7	0	0	0	8
	11	26	5	0	23	24	24	10	12	12	11	0	0	8	10	10	8	9	11	12	11	8	8	9	0	0	0	11	10	11	0	8	10	9	8	0	0	11	11	11	11	11	11	0	0	0	11	12	0	0	11	11	11	0	0	11	3	3	0	0	0	0	11	9	9	11	11	0	0	10	11	11	0	0	11	11	11	0	11	11	11	11	11	11	11	0	8	11	11	11	11	11	11	11	11	0	11	11	0	0	0	11	11	11	11	11	11	11	11	11	11	11	8	8	8	0	0	0	0	11	8	8	8	11	11	11	11	11	11	11	11	11	11	11	11	11	11	8	8	11	11	11	11	11	11	11	11	11	11	11	11	11	11	11	7	0	0	0	8
	7	31	10	11	20	21	21	12	15	14	8	11	11	5	3	3	5	8	0	15	15	11	12	4	11	11	11	7	14	7	11	11	14	13	13	11	11	7	7	7	7	7	7	11	11	11	7	10	11	11	0	7	7	11	11	7	8	8	11	11	11	11	7	6	6	7	7	11	11	14	7	7	11	11	7	7	7	11	7	7	7	7	7	7	7	11	11	7	7	7	7	7	7	7	7	11	7	7	11	11	11	7	7	7	7	7	7	7	7	7	7	7	11	11	11	11	11	11	11	7	11	11	11	7	7	7	7	7	7	7	7	7	7	7	7	7	7	11	11	7	7	7	7	7	7	7	7	7	7	7	7	7	7	7	10	11	11	11	11
	0	30	9	11	20	23	23	13	11	13	9	11	11	6	7	7	7	8	7	16	16	12	12	9	11	11	11	0	14	0	11	12	14	12	12	11	11	0	0	0	0	0	0	11	11	11	0	8	11	11	7	0	0	11	11	0	8	8	11	11	11	11	0	6	6	0	0	11	11	13	0	0	11	11	0	0	0	11	0	0	0	0	0	0	0	11	12	0	0	0	0	0	0	0	0	11	0	0	11	11	11	0	0	0	0	0	0	0	0	0	0	0	12	12	12	11	11	11	11	0	12	12	12	0	0	0	0	0	0	0	0	0	0	0	0	0	0	12	12	0	0	0	0	0	0	0	0	0	0	0	0	0	0	0	9	11	11	11	12
	0	30	9	11	20	23	23	13	11	13	9	11	11	6	7	7	7	8	7	16	16	12	12	9	11	11	11	0	14	0	11	12	14	12	12	11	11	0	0	0	0	0	0	11	11	11	0	8	11	11	7	0	0	11	11	0	8	8	11	11	11	11	0	6	6	0	0	11	11	13	0	0	11	11	0	0	0	11	0	0	0	0	0	0	0	11	12	0	0	0	0	0	0	0	0	11	0	0	11	11	11	0	0	0	0	0	0	0	0	0	0	0	12	12	12	11	11	11	11	0	12	12	12	0	0	0	0	0	0	0	0	0	0	0	0	0	0	12	12	0	0	0	0	0	0	0	0	0	0	0	0	0	0	0	9	11	11	11	12
	11	26	5	0	23	24	24	10	12	12	11	0	0	8	10	10	8	9	11	12	11	8	8	9	0	0	0	11	10	11	0	8	10	9	8	0	0	11	11	11	11	11	11	0	0	0	11	12	0	0	11	11	11	0	0	11	3	3	0	0	0	0	11	9	9	11	11	0	0	10	11	11	0	0	11	11	11	0	11	11	11	11	11	11	11	0	8	11	11	11	11	11	11	11	11	0	11	11	0	0	0	11	11	11	11	11	11	11	11	11	11	11	8	8	8	0	0	0	0	11	8	8	8	11	11	11	11	11	11	11	11	11	11	11	11	11	11	8	8	11	11	11	11	11	11	11	11	11	11	11	11	11	11	11	7	0	0	0	8
	11	26	5	0	23	24	24	10	12	12	11	0	0	8	10	10	8	9	11	12	11	8	8	9	0	0	0	11	10	11	0	8	10	9	8	0	0	11	11	11	11	11	11	0	0	0	11	12	0	0	11	11	11	0	0	11	3	3	0	0	0	0	11	9	9	11	11	0	0	10	11	11	0	0	11	11	11	0	11	11	11	11	11	11	11	0	8	11	11	11	11	11	11	11	11	0	11	11	0	0	0	11	11	11	11	11	11	11	11	11	11	11	8	8	8	0	0	0	0	11	8	8	8	11	11	11	11	11	11	11	11	11	11	11	11	11	11	8	8	11	11	11	11	11	11	11	11	11	11	11	11	11	11	11	7	0	0	0	8
	0	30	9	11	20	23	23	13	11	13	9	11	11	6	7	7	7	8	7	16	16	12	12	9	11	11	11	0	14	0	11	12	14	12	12	11	11	0	0	0	0	0	0	11	11	11	0	8	11	11	7	0	0	11	11	0	8	8	11	11	11	11	0	6	6	0	0	11	11	13	0	0	11	11	0	0	0	11	0	0	0	0	0	0	0	11	12	0	0	0	0	0	0	0	0	11	0	0	11	11	11	0	0	0	0	0	0	0	0	0	0	0	12	12	12	11	11	11	11	0	12	12	12	0	0	0	0	0	0	0	0	0	0	0	0	0	0	12	12	0	0	0	0	0	0	0	0	0	0	0	0	0	0	0	9	11	11	11	12
	8	24	3	3	22	22	22	9	9	11	9	3	3	5	10	8	5	6	8	9	9	5	5	6	3	3	3	8	8	8	3	5	8	7	6	3	3	8	8	8	8	8	8	3	3	3	8	12	3	3	8	8	8	3	3	8	0	0	3	3	3	3	8	7	7	8	8	3	3	8	8	8	3	3	8	8	8	3	8	8	8	8	8	8	8	3	5	8	8	8	8	8	8	8	8	3	8	8	3	3	3	8	8	8	8	8	8	8	8	8	8	8	5	5	5	3	3	3	3	8	5	5	5	8	8	8	8	8	8	8	8	8	8	8	8	8	8	5	5	8	8	8	8	8	8	8	8	8	8	8	8	8	8	8	4	3	3	3	5
	8	24	3	3	22	22	22	9	9	11	9	3	3	5	10	8	5	6	8	9	9	5	5	6	3	3	3	8	8	8	3	5	8	7	6	3	3	8	8	8	8	8	8	3	3	3	8	12	3	3	8	8	8	3	3	8	0	0	3	3	3	3	8	7	7	8	8	3	3	8	8	8	3	3	8	8	8	3	8	8	8	8	8	8	8	3	5	8	8	8	8	8	8	8	8	3	8	8	3	3	3	8	8	8	8	8	8	8	8	8	8	8	5	5	5	3	3	3	3	8	5	5	5	8	8	8	8	8	8	8	8	8	8	8	8	8	8	5	5	8	8	8	8	8	8	8	8	8	8	8	8	8	8	8	4	3	3	3	5
	11	26	5	0	23	24	24	10	12	12	11	0	0	8	10	10	8	9	11	12	11	8	8	9	0	0	0	11	10	11	0	8	10	9	8	0	0	11	11	11	11	11	11	0	0	0	11	12	0	0	11	11	11	0	0	11	3	3	0	0	0	0	11	9	9	11	11	0	0	10	11	11	0	0	11	11	11	0	11	11	11	11	11	11	11	0	8	11	11	11	11	11	11	11	11	0	11	11	0	0	0	11	11	11	11	11	11	11	11	11	11	11	8	8	8	0	0	0	0	11	8	8	8	11	11	11	11	11	11	11	11	11	11	11	11	11	11	8	8	11	11	11	11	11	11	11	11	11	11	11	11	11	11	11	7	0	0	0	8
	11	26	5	0	23	24	24	10	12	12	11	0	0	8	10	10	8	9	11	12	11	8	8	9	0	0	0	11	10	11	0	8	10	9	8	0	0	11	11	11	11	11	11	0	0	0	11	12	0	0	11	11	11	0	0	11	3	3	0	0	0	0	11	9	9	11	11	0	0	10	11	11	0	0	11	11	11	0	11	11	11	11	11	11	11	0	8	11	11	11	11	11	11	11	11	0	11	11	0	0	0	11	11	11	11	11	11	11	11	11	11	11	8	8	8	0	0	0	0	11	8	8	8	11	11	11	11	11	11	11	11	11	11	11	11	11	11	8	8	11	11	11	11	11	11	11	11	11	11	11	11	11	11	11	7	0	0	0	8
	11	26	5	0	23	24	24	10	12	12	11	0	0	8	10	10	8	9	11	12	11	8	8	9	0	0	0	11	10	11	0	8	10	9	8	0	0	11	11	11	11	11	11	0	0	0	11	12	0	0	11	11	11	0	0	11	3	3	0	0	0	0	11	9	9	11	11	0	0	10	11	11	0	0	11	11	11	0	11	11	11	11	11	11	11	0	8	11	11	11	11	11	11	11	11	0	11	11	0	0	0	11	11	11	11	11	11	11	11	11	11	11	8	8	8	0	0	0	0	11	8	8	8	11	11	11	11	11	11	11	11	11	11	11	11	11	11	8	8	11	11	11	11	11	11	11	11	11	11	11	11	11	11	11	7	0	0	0	8
	11	26	5	0	23	24	24	10	12	12	11	0	0	8	10	10	8	9	11	12	11	8	8	9	0	0	0	11	10	11	0	8	10	9	8	0	0	11	11	11	11	11	11	0	0	0	11	12	0	0	11	11	11	0	0	11	3	3	0	0	0	0	11	9	9	11	11	0	0	10	11	11	0	0	11	11	11	0	11	11	11	11	11	11	11	0	8	11	11	11	11	11	11	11	11	0	11	11	0	0	0	11	11	11	11	11	11	11	11	11	11	11	8	8	8	0	0	0	0	11	8	8	8	11	11	11	11	11	11	11	11	11	11	11	11	11	11	8	8	11	11	11	11	11	11	11	11	11	11	11	11	11	11	11	7	0	0	0	8
	0	30	9	11	20	23	23	13	11	13	9	11	11	6	7	7	7	8	7	16	16	12	12	9	11	11	11	0	14	0	11	12	14	12	12	11	11	0	0	0	0	0	0	11	11	11	0	8	11	11	7	0	0	11	11	0	8	8	11	11	11	11	0	6	6	0	0	11	11	13	0	0	11	11	0	0	0	11	0	0	0	0	0	0	0	11	12	0	0	0	0	0	0	0	0	11	0	0	11	11	11	0	0	0	0	0	0	0	0	0	0	0	12	12	12	11	11	11	11	0	12	12	12	0	0	0	0	0	0	0	0	0	0	0	0	0	0	12	12	0	0	0	0	0	0	0	0	0	0	0	0	0	0	0	9	11	11	11	12
	6	31	9	9	19	20	20	13	14	16	12	9	9	4	8	7	6	7	6	15	15	10	11	9	9	9	9	6	13	6	9	10	14	12	12	9	9	6	6	6	6	6	6	9	9	9	6	9	9	9	6	6	6	9	9	6	7	7	9	9	9	9	6	0	0	6	6	9	9	13	6	6	9	9	6	6	6	9	6	6	6	6	6	6	6	9	10	6	6	6	6	6	6	6	6	9	6	6	9	9	9	6	6	6	6	6	6	6	6	6	6	6	10	10	10	9	9	9	9	6	10	10	10	6	6	6	6	6	6	6	6	6	6	6	6	6	6	10	10	6	6	6	6	6	6	6	6	6	6	6	6	6	6	6	10	9	9	9	10
	6	31	9	9	19	20	20	13	14	16	12	9	9	4	8	7	6	7	6	15	15	10	11	9	9	9	9	6	13	6	9	10	14	12	12	9	9	6	6	6	6	6	6	9	9	9	6	9	9	9	6	6	6	9	9	6	7	7	9	9	9	9	6	0	0	6	6	9	9	13	6	6	9	9	6	6	6	9	6	6	6	6	6	6	6	9	10	6	6	6	6	6	6	6	6	9	6	6	9	9	9	6	6	6	6	6	6	6	6	6	6	6	10	10	10	9	9	9	9	6	10	10	10	6	6	6	6	6	6	6	6	6	6	6	6	6	6	10	10	6	6	6	6	6	6	6	6	6	6	6	6	6	6	6	10	9	9	9	10
	0	30	9	11	20	23	23	13	11	13	9	11	11	6	7	7	7	8	7	16	16	12	12	9	11	11	11	0	14	0	11	12	14	12	12	11	11	0	0	0	0	0	0	11	11	11	0	8	11	11	7	0	0	11	11	0	8	8	11	11	11	11	0	6	6	0	0	11	11	13	0	0	11	11	0	0	0	11	0	0	0	0	0	0	0	11	12	0	0	0	0	0	0	0	0	11	0	0	11	11	11	0	0	0	0	0	0	0	0	0	0	0	12	12	12	11	11	11	11	0	12	12	12	0	0	0	0	0	0	0	0	0	0	0	0	0	0	12	12	0	0	0	0	0	0	0	0	0	0	0	0	0	0	0	9	11	11	11	12
	0	30	9	11	20	23	23	13	11	13	9	11	11	6	7	7	7	8	7	16	16	12	12	9	11	11	11	0	14	0	11	12	14	12	12	11	11	0	0	0	0	0	0	11	11	11	0	8	11	11	7	0	0	11	11	0	8	8	11	11	11	11	0	6	6	0	0	11	11	13	0	0	11	11	0	0	0	11	0	0	0	0	0	0	0	11	12	0	0	0	0	0	0	0	0	11	0	0	11	11	11	0	0	0	0	0	0	0	0	0	0	0	12	12	12	11	11	11	11	0	12	12	12	0	0	0	0	0	0	0	0	0	0	0	0	0	0	12	12	0	0	0	0	0	0	0	0	0	0	0	0	0	0	0	9	11	11	11	12
	11	26	5	0	23	24	24	10	12	12	11	0	0	8	10	10	8	9	11	12	11	8	8	9	0	0	0	11	10	11	0	8	10	9	8	0	0	11	11	11	11	11	11	0	0	0	11	12	0	0	11	11	11	0	0	11	3	3	0	0	0	0	11	9	9	11	11	0	0	10	11	11	0	0	11	11	11	0	11	11	11	11	11	11	11	0	8	11	11	11	11	11	11	11	11	0	11	11	0	0	0	11	11	11	11	11	11	11	11	11	11	11	8	8	8	0	0	0	0	11	8	8	8	11	11	11	11	11	11	11	11	11	11	11	11	11	11	8	8	11	11	11	11	11	11	11	11	11	11	11	11	11	11	11	7	0	0	0	8
	11	26	5	0	23	24	24	10	12	12	11	0	0	8	10	10	8	9	11	12	11	8	8	9	0	0	0	11	10	11	0	8	10	9	8	0	0	11	11	11	11	11	11	0	0	0	11	12	0	0	11	11	11	0	0	11	3	3	0	0	0	0	11	9	9	11	11	0	0	10	11	11	0	0	11	11	11	0	11	11	11	11	11	11	11	0	8	11	11	11	11	11	11	11	11	0	11	11	0	0	0	11	11	11	11	11	11	11	11	11	11	11	8	8	8	0	0	0	0	11	8	8	8	11	11	11	11	11	11	11	11	11	11	11	11	11	11	8	8	11	11	11	11	11	11	11	11	11	11	11	11	11	11	11	7	0	0	0	8
	13	21	10	10	22	23	23	14	15	15	14	10	10	12	14	12	10	8	14	8	8	9	9	10	10	10	10	13	5	13	10	9	8	6	9	10	10	13	13	13	13	13	13	10	10	10	13	16	10	10	14	13	13	10	10	13	8	8	10	10	10	10	13	13	13	13	13	10	10	0	13	13	10	10	13	13	13	10	13	13	13	13	13	13	13	10	9	13	13	13	13	13	13	13	13	10	13	13	10	10	10	13	13	13	13	13	13	13	13	13	13	13	9	9	9	10	10	10	10	13	9	9	9	13	13	13	13	13	13	13	13	13	13	13	13	13	13	9	9	13	13	13	13	13	13	13	13	13	13	13	13	13	13	13	7	10	10	10	9
	0	30	9	11	20	23	23	13	11	13	9	11	11	6	7	7	7	8	7	16	16	12	12	9	11	11	11	0	14	0	11	12	14	12	12	11	11	0	0	0	0	0	0	11	11	11	0	8	11	11	7	0	0	11	11	0	8	8	11	11	11	11	0	6	6	0	0	11	11	13	0	0	11	11	0	0	0	11	0	0	0	0	0	0	0	11	12	0	0	0	0	0	0	0	0	11	0	0	11	11	11	0	0	0	0	0	0	0	0	0	0	0	12	12	12	11	11	11	11	0	12	12	12	0	0	0	0	0	0	0	0	0	0	0	0	0	0	12	12	0	0	0	0	0	0	0	0	0	0	0	0	0	0	0	9	11	11	11	12
	0	30	9	11	20	23	23	13	11	13	9	11	11	6	7	7	7	8	7	16	16	12	12	9	11	11	11	0	14	0	11	12	14	12	12	11	11	0	0	0	0	0	0	11	11	11	0	8	11	11	7	0	0	11	11	0	8	8	11	11	11	11	0	6	6	0	0	11	11	13	0	0	11	11	0	0	0	11	0	0	0	0	0	0	0	11	12	0	0	0	0	0	0	0	0	11	0	0	11	11	11	0	0	0	0	0	0	0	0	0	0	0	12	12	12	11	11	11	11	0	12	12	12	0	0	0	0	0	0	0	0	0	0	0	0	0	0	12	12	0	0	0	0	0	0	0	0	0	0	0	0	0	0	0	9	11	11	11	12
	11	26	5	0	23	24	24	10	12	12	11	0	0	8	10	10	8	9	11	12	11	8	8	9	0	0	0	11	10	11	0	8	10	9	8	0	0	11	11	11	11	11	11	0	0	0	11	12	0	0	11	11	11	0	0	11	3	3	0	0	0	0	11	9	9	11	11	0	0	10	11	11	0	0	11	11	11	0	11	11	11	11	11	11	11	0	8	11	11	11	11	11	11	11	11	0	11	11	0	0	0	11	11	11	11	11	11	11	11	11	11	11	8	8	8	0	0	0	0	11	8	8	8	11	11	11	11	11	11	11	11	11	11	11	11	11	11	8	8	11	11	11	11	11	11	11	11	11	11	11	11	11	11	11	7	0	0	0	8
	11	26	5	0	23	24	24	10	12	12	11	0	0	8	10	10	8	9	11	12	11	8	8	9	0	0	0	11	10	11	0	8	10	9	8	0	0	11	11	11	11	11	11	0	0	0	11	12	0	0	11	11	11	0	0	11	3	3	0	0	0	0	11	9	9	11	11	0	0	10	11	11	0	0	11	11	11	0	11	11	11	11	11	11	11	0	8	11	11	11	11	11	11	11	11	0	11	11	0	0	0	11	11	11	11	11	11	11	11	11	11	11	8	8	8	0	0	0	0	11	8	8	8	11	11	11	11	11	11	11	11	11	11	11	11	11	11	8	8	11	11	11	11	11	11	11	11	11	11	11	11	11	11	11	7	0	0	0	8
	0	30	9	11	20	23	23	13	11	13	9	11	11	6	7	7	7	8	7	16	16	12	12	9	11	11	11	0	14	0	11	12	14	12	12	11	11	0	0	0	0	0	0	11	11	11	0	8	11	11	7	0	0	11	11	0	8	8	11	11	11	11	0	6	6	0	0	11	11	13	0	0	11	11	0	0	0	11	0	0	0	0	0	0	0	11	12	0	0	0	0	0	0	0	0	11	0	0	11	11	11	0	0	0	0	0	0	0	0	0	0	0	12	12	12	11	11	11	11	0	12	12	12	0	0	0	0	0	0	0	0	0	0	0	0	0	0	12	12	0	0	0	0	0	0	0	0	0	0	0	0	0	0	0	9	11	11	11	12
	0	30	9	11	20	23	23	13	11	13	9	11	11	6	7	7	7	8	7	16	16	12	12	9	11	11	11	0	14	0	11	12	14	12	12	11	11	0	0	0	0	0	0	11	11	11	0	8	11	11	7	0	0	11	11	0	8	8	11	11	11	11	0	6	6	0	0	11	11	13	0	0	11	11	0	0	0	11	0	0	0	0	0	0	0	11	12	0	0	0	0	0	0	0	0	11	0	0	11	11	11	0	0	0	0	0	0	0	0	0	0	0	12	12	12	11	11	11	11	0	12	12	12	0	0	0	0	0	0	0	0	0	0	0	0	0	0	12	12	0	0	0	0	0	0	0	0	0	0	0	0	0	0	0	9	11	11	11	12
	0	30	9	11	20	23	23	13	11	13	9	11	11	6	7	7	7	8	7	16	16	12	12	9	11	11	11	0	14	0	11	12	14	12	12	11	11	0	0	0	0	0	0	11	11	11	0	8	11	11	7	0	0	11	11	0	8	8	11	11	11	11	0	6	6	0	0	11	11	13	0	0	11	11	0	0	0	11	0	0	0	0	0	0	0	11	12	0	0	0	0	0	0	0	0	11	0	0	11	11	11	0	0	0	0	0	0	0	0	0	0	0	12	12	12	11	11	11	11	0	12	12	12	0	0	0	0	0	0	0	0	0	0	0	0	0	0	12	12	0	0	0	0	0	0	0	0	0	0	0	0	0	0	0	9	11	11	11	12
	11	26	5	0	23	24	24	10	12	12	11	0	0	8	10	10	8	9	11	12	11	8	8	9	0	0	0	11	10	11	0	8	10	9	8	0	0	11	11	11	11	11	11	0	0	0	11	12	0	0	11	11	11	0	0	11	3	3	0	0	0	0	11	9	9	11	11	0	0	10	11	11	0	0	11	11	11	0	11	11	11	11	11	11	11	0	8	11	11	11	11	11	11	11	11	0	11	11	0	0	0	11	11	11	11	11	11	11	11	11	11	11	8	8	8	0	0	0	0	11	8	8	8	11	11	11	11	11	11	11	11	11	11	11	11	11	11	8	8	11	11	11	11	11	11	11	11	11	11	11	11	11	11	11	7	0	0	0	8
	0	30	9	11	20	23	23	13	11	13	9	11	11	6	7	7	7	8	7	16	16	12	12	9	11	11	11	0	14	0	11	12	14	12	12	11	11	0	0	0	0	0	0	11	11	11	0	8	11	11	7	0	0	11	11	0	8	8	11	11	11	11	0	6	6	0	0	11	11	13	0	0	11	11	0	0	0	11	0	0	0	0	0	0	0	11	12	0	0	0	0	0	0	0	0	11	0	0	11	11	11	0	0	0	0	0	0	0	0	0	0	0	12	12	12	11	11	11	11	0	12	12	12	0	0	0	0	0	0	0	0	0	0	0	0	0	0	12	12	0	0	0	0	0	0	0	0	0	0	0	0	0	0	0	9	11	11	11	12
	0	30	9	11	20	23	23	13	11	13	9	11	11	6	7	7	7	8	7	16	16	12	12	9	11	11	11	0	14	0	11	12	14	12	12	11	11	0	0	0	0	0	0	11	11	11	0	8	11	11	7	0	0	11	11	0	8	8	11	11	11	11	0	6	6	0	0	11	11	13	0	0	11	11	0	0	0	11	0	0	0	0	0	0	0	11	12	0	0	0	0	0	0	0	0	11	0	0	11	11	11	0	0	0	0	0	0	0	0	0	0	0	12	12	12	11	11	11	11	0	12	12	12	0	0	0	0	0	0	0	0	0	0	0	0	0	0	12	12	0	0	0	0	0	0	0	0	0	0	0	0	0	0	0	9	11	11	11	12
	0	30	9	11	20	23	23	13	11	13	9	11	11	6	7	7	7	8	7	16	16	12	12	9	11	11	11	0	14	0	11	12	14	12	12	11	11	0	0	0	0	0	0	11	11	11	0	8	11	11	7	0	0	11	11	0	8	8	11	11	11	11	0	6	6	0	0	11	11	13	0	0	11	11	0	0	0	11	0	0	0	0	0	0	0	11	12	0	0	0	0	0	0	0	0	11	0	0	11	11	11	0	0	0	0	0	0	0	0	0	0	0	12	12	12	11	11	11	11	0	12	12	12	0	0	0	0	0	0	0	0	0	0	0	0	0	0	12	12	0	0	0	0	0	0	0	0	0	0	0	0	0	0	0	9	11	11	11	12
	0	30	9	11	20	23	23	13	11	13	9	11	11	6	7	7	7	8	7	16	16	12	12	9	11	11	11	0	14	0	11	12	14	12	12	11	11	0	0	0	0	0	0	11	11	11	0	8	11	11	7	0	0	11	11	0	8	8	11	11	11	11	0	6	6	0	0	11	11	13	0	0	11	11	0	0	0	11	0	0	0	0	0	0	0	11	12	0	0	0	0	0	0	0	0	11	0	0	11	11	11	0	0	0	0	0	0	0	0	0	0	0	12	12	12	11	11	11	11	0	12	12	12	0	0	0	0	0	0	0	0	0	0	0	0	0	0	12	12	0	0	0	0	0	0	0	0	0	0	0	0	0	0	0	9	11	11	11	12
	0	30	9	11	20	23	23	13	11	13	9	11	11	6	7	7	7	8	7	16	16	12	12	9	11	11	11	0	14	0	11	12	14	12	12	11	11	0	0	0	0	0	0	11	11	11	0	8	11	11	7	0	0	11	11	0	8	8	11	11	11	11	0	6	6	0	0	11	11	13	0	0	11	11	0	0	0	11	0	0	0	0	0	0	0	11	12	0	0	0	0	0	0	0	0	11	0	0	11	11	11	0	0	0	0	0	0	0	0	0	0	0	12	12	12	11	11	11	11	0	12	12	12	0	0	0	0	0	0	0	0	0	0	0	0	0	0	12	12	0	0	0	0	0	0	0	0	0	0	0	0	0	0	0	9	11	11	11	12
	0	30	9	11	20	23	23	13	11	13	9	11	11	6	7	7	7	8	7	16	16	12	12	9	11	11	11	0	14	0	11	12	14	12	12	11	11	0	0	0	0	0	0	11	11	11	0	8	11	11	7	0	0	11	11	0	8	8	11	11	11	11	0	6	6	0	0	11	11	13	0	0	11	11	0	0	0	11	0	0	0	0	0	0	0	11	12	0	0	0	0	0	0	0	0	11	0	0	11	11	11	0	0	0	0	0	0	0	0	0	0	0	12	12	12	11	11	11	11	0	12	12	12	0	0	0	0	0	0	0	0	0	0	0	0	0	0	12	12	0	0	0	0	0	0	0	0	0	0	0	0	0	0	0	9	11	11	11	12
	0	30	9	11	20	23	23	13	11	13	9	11	11	6	7	7	7	8	7	16	16	12	12	9	11	11	11	0	14	0	11	12	14	12	12	11	11	0	0	0	0	0	0	11	11	11	0	8	11	11	7	0	0	11	11	0	8	8	11	11	11	11	0	6	6	0	0	11	11	13	0	0	11	11	0	0	0	11	0	0	0	0	0	0	0	11	12	0	0	0	0	0	0	0	0	11	0	0	11	11	11	0	0	0	0	0	0	0	0	0	0	0	12	12	12	11	11	11	11	0	12	12	12	0	0	0	0	0	0	0	0	0	0	0	0	0	0	12	12	0	0	0	0	0	0	0	0	0	0	0	0	0	0	0	9	11	11	11	12
	11	26	5	0	23	24	24	10	12	12	11	0	0	8	10	10	8	9	11	12	11	8	8	9	0	0	0	11	10	11	0	8	10	9	8	0	0	11	11	11	11	11	11	0	0	0	11	12	0	0	11	11	11	0	0	11	3	3	0	0	0	0	11	9	9	11	11	0	0	10	11	11	0	0	11	11	11	0	11	11	11	11	11	11	11	0	8	11	11	11	11	11	11	11	11	0	11	11	0	0	0	11	11	11	11	11	11	11	11	11	11	11	8	8	8	0	0	0	0	11	8	8	8	11	11	11	11	11	11	11	11	11	11	11	11	11	11	8	8	11	11	11	11	11	11	11	11	11	11	11	11	11	11	11	7	0	0	0	8
	12	24	6	8	20	20	20	10	12	12	14	8	8	9	12	10	9	9	11	8	7	0	2	7	8	8	8	12	7	12	8	0	7	3	3	8	8	12	12	12	12	12	12	8	8	8	12	15	8	8	11	12	12	8	8	12	5	5	8	8	8	8	12	10	10	12	12	8	8	9	12	12	8	8	12	12	12	8	12	12	12	12	12	12	12	8	0	12	12	12	12	12	12	12	12	8	12	12	8	8	8	12	12	12	12	12	12	12	12	12	12	12	0	0	0	8	8	8	8	12	0	0	0	12	12	12	12	12	12	12	12	12	12	12	12	12	12	0	0	12	12	12	12	12	12	12	12	12	12	12	12	12	12	12	5	8	8	8	0
	0	30	9	11	20	23	23	13	11	13	9	11	11	6	7	7	7	8	7	16	16	12	12	9	11	11	11	0	14	0	11	12	14	12	12	11	11	0	0	0	0	0	0	11	11	11	0	8	11	11	7	0	0	11	11	0	8	8	11	11	11	11	0	6	6	0	0	11	11	13	0	0	11	11	0	0	0	11	0	0	0	0	0	0	0	11	12	0	0	0	0	0	0	0	0	11	0	0	11	11	11	0	0	0	0	0	0	0	0	0	0	0	12	12	12	11	11	11	11	0	12	12	12	0	0	0	0	0	0	0	0	0	0	0	0	0	0	12	12	0	0	0	0	0	0	0	0	0	0	0	0	0	0	0	9	11	11	11	12
	0	30	9	11	20	23	23	13	11	13	9	11	11	6	7	7	7	8	7	16	16	12	12	9	11	11	11	0	14	0	11	12	14	12	12	11	11	0	0	0	0	0	0	11	11	11	0	8	11	11	7	0	0	11	11	0	8	8	11	11	11	11	0	6	6	0	0	11	11	13	0	0	11	11	0	0	0	11	0	0	0	0	0	0	0	11	12	0	0	0	0	0	0	0	0	11	0	0	11	11	11	0	0	0	0	0	0	0	0	0	0	0	12	12	12	11	11	11	11	0	12	12	12	0	0	0	0	0	0	0	0	0	0	0	0	0	0	12	12	0	0	0	0	0	0	0	0	0	0	0	0	0	0	0	9	11	11	11	12
	0	30	9	11	20	23	23	13	11	13	9	11	11	6	7	7	7	8	7	16	16	12	12	9	11	11	11	0	14	0	11	12	14	12	12	11	11	0	0	0	0	0	0	11	11	11	0	8	11	11	7	0	0	11	11	0	8	8	11	11	11	11	0	6	6	0	0	11	11	13	0	0	11	11	0	0	0	11	0	0	0	0	0	0	0	11	12	0	0	0	0	0	0	0	0	11	0	0	11	11	11	0	0	0	0	0	0	0	0	0	0	0	12	12	12	11	11	11	11	0	12	12	12	0	0	0	0	0	0	0	0	0	0	0	0	0	0	12	12	0	0	0	0	0	0	0	0	0	0	0	0	0	0	0	9	11	11	11	12
	0	30	9	11	20	23	23	13	11	13	9	11	11	6	7	7	7	8	7	16	16	12	12	9	11	11	11	0	14	0	11	12	14	12	12	11	11	0	0	0	0	0	0	11	11	11	0	8	11	11	7	0	0	11	11	0	8	8	11	11	11	11	0	6	6	0	0	11	11	13	0	0	11	11	0	0	0	11	0	0	0	0	0	0	0	11	12	0	0	0	0	0	0	0	0	11	0	0	11	11	11	0	0	0	0	0	0	0	0	0	0	0	12	12	12	11	11	11	11	0	12	12	12	0	0	0	0	0	0	0	0	0	0	0	0	0	0	12	12	0	0	0	0	0	0	0	0	0	0	0	0	0	0	0	9	11	11	11	12
	0	30	9	11	20	23	23	13	11	13	9	11	11	6	7	7	7	8	7	16	16	12	12	9	11	11	11	0	14	0	11	12	14	12	12	11	11	0	0	0	0	0	0	11	11	11	0	8	11	11	7	0	0	11	11	0	8	8	11	11	11	11	0	6	6	0	0	11	11	13	0	0	11	11	0	0	0	11	0	0	0	0	0	0	0	11	12	0	0	0	0	0	0	0	0	11	0	0	11	11	11	0	0	0	0	0	0	0	0	0	0	0	12	12	12	11	11	11	11	0	12	12	12	0	0	0	0	0	0	0	0	0	0	0	0	0	0	12	12	0	0	0	0	0	0	0	0	0	0	0	0	0	0	0	9	11	11	11	12
	0	30	9	11	20	23	23	13	11	13	9	11	11	6	7	7	7	8	7	16	16	12	12	9	11	11	11	0	14	0	11	12	14	12	12	11	11	0	0	0	0	0	0	11	11	11	0	8	11	11	7	0	0	11	11	0	8	8	11	11	11	11	0	6	6	0	0	11	11	13	0	0	11	11	0	0	0	11	0	0	0	0	0	0	0	11	12	0	0	0	0	0	0	0	0	11	0	0	11	11	11	0	0	0	0	0	0	0	0	0	0	0	12	12	12	11	11	11	11	0	12	12	12	0	0	0	0	0	0	0	0	0	0	0	0	0	0	12	12	0	0	0	0	0	0	0	0	0	0	0	0	0	0	0	9	11	11	11	12
	0	30	9	11	20	23	23	13	11	13	9	11	11	6	7	7	7	8	7	16	16	12	12	9	11	11	11	0	14	0	11	12	14	12	12	11	11	0	0	0	0	0	0	11	11	11	0	8	11	11	7	0	0	11	11	0	8	8	11	11	11	11	0	6	6	0	0	11	11	13	0	0	11	11	0	0	0	11	0	0	0	0	0	0	0	11	12	0	0	0	0	0	0	0	0	11	0	0	11	11	11	0	0	0	0	0	0	0	0	0	0	0	12	12	12	11	11	11	11	0	12	12	12	0	0	0	0	0	0	0	0	0	0	0	0	0	0	12	12	0	0	0	0	0	0	0	0	0	0	0	0	0	0	0	9	11	11	11	12
	0	30	9	11	20	23	23	13	11	13	9	11	11	6	7	7	7	8	7	16	16	12	12	9	11	11	11	0	14	0	11	12	14	12	12	11	11	0	0	0	0	0	0	11	11	11	0	8	11	11	7	0	0	11	11	0	8	8	11	11	11	11	0	6	6	0	0	11	11	13	0	0	11	11	0	0	0	11	0	0	0	0	0	0	0	11	12	0	0	0	0	0	0	0	0	11	0	0	11	11	11	0	0	0	0	0	0	0	0	0	0	0	12	12	12	11	11	11	11	0	12	12	12	0	0	0	0	0	0	0	0	0	0	0	0	0	0	12	12	0	0	0	0	0	0	0	0	0	0	0	0	0	0	0	9	11	11	11	12
	11	26	5	0	23	24	24	10	12	12	11	0	0	8	10	10	8	9	11	12	11	8	8	9	0	0	0	11	10	11	0	8	10	9	8	0	0	11	11	11	11	11	11	0	0	0	11	12	0	0	11	11	11	0	0	11	3	3	0	0	0	0	11	9	9	11	11	0	0	10	11	11	0	0	11	11	11	0	11	11	11	11	11	11	11	0	8	11	11	11	11	11	11	11	11	0	11	11	0	0	0	11	11	11	11	11	11	11	11	11	11	11	8	8	8	0	0	0	0	11	8	8	8	11	11	11	11	11	11	11	11	11	11	11	11	11	11	8	8	11	11	11	11	11	11	11	11	11	11	11	11	11	11	11	7	0	0	0	8
	0	30	9	11	20	23	23	13	11	13	9	11	11	6	7	7	7	8	7	16	16	12	12	9	11	11	11	0	14	0	11	12	14	12	12	11	11	0	0	0	0	0	0	11	11	11	0	8	11	11	7	0	0	11	11	0	8	8	11	11	11	11	0	6	6	0	0	11	11	13	0	0	11	11	0	0	0	11	0	0	0	0	0	0	0	11	12	0	0	0	0	0	0	0	0	11	0	0	11	11	11	0	0	0	0	0	0	0	0	0	0	0	12	12	12	11	11	11	11	0	12	12	12	0	0	0	0	0	0	0	0	0	0	0	0	0	0	12	12	0	0	0	0	0	0	0	0	0	0	0	0	0	0	0	9	11	11	11	12
	0	30	9	11	20	23	23	13	11	13	9	11	11	6	7	7	7	8	7	16	16	12	12	9	11	11	11	0	14	0	11	12	14	12	12	11	11	0	0	0	0	0	0	11	11	11	0	8	11	11	7	0	0	11	11	0	8	8	11	11	11	11	0	6	6	0	0	11	11	13	0	0	11	11	0	0	0	11	0	0	0	0	0	0	0	11	12	0	0	0	0	0	0	0	0	11	0	0	11	11	11	0	0	0	0	0	0	0	0	0	0	0	12	12	12	11	11	11	11	0	12	12	12	0	0	0	0	0	0	0	0	0	0	0	0	0	0	12	12	0	0	0	0	0	0	0	0	0	0	0	0	0	0	0	9	11	11	11	12
	11	26	5	0	23	24	24	10	12	12	11	0	0	8	10	10	8	9	11	12	11	8	8	9	0	0	0	11	10	11	0	8	10	9	8	0	0	11	11	11	11	11	11	0	0	0	11	12	0	0	11	11	11	0	0	11	3	3	0	0	0	0	11	9	9	11	11	0	0	10	11	11	0	0	11	11	11	0	11	11	11	11	11	11	11	0	8	11	11	11	11	11	11	11	11	0	11	11	0	0	0	11	11	11	11	11	11	11	11	11	11	11	8	8	8	0	0	0	0	11	8	8	8	11	11	11	11	11	11	11	11	11	11	11	11	11	11	8	8	11	11	11	11	11	11	11	11	11	11	11	11	11	11	11	7	0	0	0	8
	11	26	5	0	23	24	24	10	12	12	11	0	0	8	10	10	8	9	11	12	11	8	8	9	0	0	0	11	10	11	0	8	10	9	8	0	0	11	11	11	11	11	11	0	0	0	11	12	0	0	11	11	11	0	0	11	3	3	0	0	0	0	11	9	9	11	11	0	0	10	11	11	0	0	11	11	11	0	11	11	11	11	11	11	11	0	8	11	11	11	11	11	11	11	11	0	11	11	0	0	0	11	11	11	11	11	11	11	11	11	11	11	8	8	8	0	0	0	0	11	8	8	8	11	11	11	11	11	11	11	11	11	11	11	11	11	11	8	8	11	11	11	11	11	11	11	11	11	11	11	11	11	11	11	7	0	0	0	8
	11	26	5	0	23	24	24	10	12	12	11	0	0	8	10	10	8	9	11	12	11	8	8	9	0	0	0	11	10	11	0	8	10	9	8	0	0	11	11	11	11	11	11	0	0	0	11	12	0	0	11	11	11	0	0	11	3	3	0	0	0	0	11	9	9	11	11	0	0	10	11	11	0	0	11	11	11	0	11	11	11	11	11	11	11	0	8	11	11	11	11	11	11	11	11	0	11	11	0	0	0	11	11	11	11	11	11	11	11	11	11	11	8	8	8	0	0	0	0	11	8	8	8	11	11	11	11	11	11	11	11	11	11	11	11	11	11	8	8	11	11	11	11	11	11	11	11	11	11	11	11	11	11	11	7	0	0	0	8
	0	30	9	11	20	23	23	13	11	13	9	11	11	6	7	7	7	8	7	16	16	12	12	9	11	11	11	0	14	0	11	12	14	12	12	11	11	0	0	0	0	0	0	11	11	11	0	8	11	11	7	0	0	11	11	0	8	8	11	11	11	11	0	6	6	0	0	11	11	13	0	0	11	11	0	0	0	11	0	0	0	0	0	0	0	11	12	0	0	0	0	0	0	0	0	11	0	0	11	11	11	0	0	0	0	0	0	0	0	0	0	0	12	12	12	11	11	11	11	0	12	12	12	0	0	0	0	0	0	0	0	0	0	0	0	0	0	12	12	0	0	0	0	0	0	0	0	0	0	0	0	0	0	0	9	11	11	11	12
	0	30	9	11	20	23	23	13	11	13	9	11	11	6	7	7	7	8	7	16	16	12	12	9	11	11	11	0	14	0	11	12	14	12	12	11	11	0	0	0	0	0	0	11	11	11	0	8	11	11	7	0	0	11	11	0	8	8	11	11	11	11	0	6	6	0	0	11	11	13	0	0	11	11	0	0	0	11	0	0	0	0	0	0	0	11	12	0	0	0	0	0	0	0	0	11	0	0	11	11	11	0	0	0	0	0	0	0	0	0	0	0	12	12	12	11	11	11	11	0	12	12	12	0	0	0	0	0	0	0	0	0	0	0	0	0	0	12	12	0	0	0	0	0	0	0	0	0	0	0	0	0	0	0	9	11	11	11	12
	0	30	9	11	20	23	23	13	11	13	9	11	11	6	7	7	7	8	7	16	16	12	12	9	11	11	11	0	14	0	11	12	14	12	12	11	11	0	0	0	0	0	0	11	11	11	0	8	11	11	7	0	0	11	11	0	8	8	11	11	11	11	0	6	6	0	0	11	11	13	0	0	11	11	0	0	0	11	0	0	0	0	0	0	0	11	12	0	0	0	0	0	0	0	0	11	0	0	11	11	11	0	0	0	0	0	0	0	0	0	0	0	12	12	12	11	11	11	11	0	12	12	12	0	0	0	0	0	0	0	0	0	0	0	0	0	0	12	12	0	0	0	0	0	0	0	0	0	0	0	0	0	0	0	9	11	11	11	12
	0	30	9	11	20	23	23	13	11	13	9	11	11	6	7	7	7	8	7	16	16	12	12	9	11	11	11	0	14	0	11	12	14	12	12	11	11	0	0	0	0	0	0	11	11	11	0	8	11	11	7	0	0	11	11	0	8	8	11	11	11	11	0	6	6	0	0	11	11	13	0	0	11	11	0	0	0	11	0	0	0	0	0	0	0	11	12	0	0	0	0	0	0	0	0	11	0	0	11	11	11	0	0	0	0	0	0	0	0	0	0	0	12	12	12	11	11	11	11	0	12	12	12	0	0	0	0	0	0	0	0	0	0	0	0	0	0	12	12	0	0	0	0	0	0	0	0	0	0	0	0	0	0	0	9	11	11	11	12
	0	30	9	11	20	23	23	13	11	13	9	11	11	6	7	7	7	8	7	16	16	12	12	9	11	11	11	0	14	0	11	12	14	12	12	11	11	0	0	0	0	0	0	11	11	11	0	8	11	11	7	0	0	11	11	0	8	8	11	11	11	11	0	6	6	0	0	11	11	13	0	0	11	11	0	0	0	11	0	0	0	0	0	0	0	11	12	0	0	0	0	0	0	0	0	11	0	0	11	11	11	0	0	0	0	0	0	0	0	0	0	0	12	12	12	11	11	11	11	0	12	12	12	0	0	0	0	0	0	0	0	0	0	0	0	0	0	12	12	0	0	0	0	0	0	0	0	0	0	0	0	0	0	0	9	11	11	11	12
	0	30	9	11	20	23	23	13	11	13	9	11	11	6	7	7	7	8	7	16	16	12	12	9	11	11	11	0	14	0	11	12	14	12	12	11	11	0	0	0	0	0	0	11	11	11	0	8	11	11	7	0	0	11	11	0	8	8	11	11	11	11	0	6	6	0	0	11	11	13	0	0	11	11	0	0	0	11	0	0	0	0	0	0	0	11	12	0	0	0	0	0	0	0	0	11	0	0	11	11	11	0	0	0	0	0	0	0	0	0	0	0	12	12	12	11	11	11	11	0	12	12	12	0	0	0	0	0	0	0	0	0	0	0	0	0	0	12	12	0	0	0	0	0	0	0	0	0	0	0	0	0	0	0	9	11	11	11	12
	0	30	9	11	20	23	23	13	11	13	9	11	11	6	7	7	7	8	7	16	16	12	12	9	11	11	11	0	14	0	11	12	14	12	12	11	11	0	0	0	0	0	0	11	11	11	0	8	11	11	7	0	0	11	11	0	8	8	11	11	11	11	0	6	6	0	0	11	11	13	0	0	11	11	0	0	0	11	0	0	0	0	0	0	0	11	12	0	0	0	0	0	0	0	0	11	0	0	11	11	11	0	0	0	0	0	0	0	0	0	0	0	12	12	12	11	11	11	11	0	12	12	12	0	0	0	0	0	0	0	0	0	0	0	0	0	0	12	12	0	0	0	0	0	0	0	0	0	0	0	0	0	0	0	9	11	11	11	12
	0	30	9	11	20	23	23	13	11	13	9	11	11	6	7	7	7	8	7	16	16	12	12	9	11	11	11	0	14	0	11	12	14	12	12	11	11	0	0	0	0	0	0	11	11	11	0	8	11	11	7	0	0	11	11	0	8	8	11	11	11	11	0	6	6	0	0	11	11	13	0	0	11	11	0	0	0	11	0	0	0	0	0	0	0	11	12	0	0	0	0	0	0	0	0	11	0	0	11	11	11	0	0	0	0	0	0	0	0	0	0	0	12	12	12	11	11	11	11	0	12	12	12	0	0	0	0	0	0	0	0	0	0	0	0	0	0	12	12	0	0	0	0	0	0	0	0	0	0	0	0	0	0	0	9	11	11	11	12
	0	30	9	11	20	23	23	13	11	13	9	11	11	6	7	7	7	8	7	16	16	12	12	9	11	11	11	0	14	0	11	12	14	12	12	11	11	0	0	0	0	0	0	11	11	11	0	8	11	11	7	0	0	11	11	0	8	8	11	11	11	11	0	6	6	0	0	11	11	13	0	0	11	11	0	0	0	11	0	0	0	0	0	0	0	11	12	0	0	0	0	0	0	0	0	11	0	0	11	11	11	0	0	0	0	0	0	0	0	0	0	0	12	12	12	11	11	11	11	0	12	12	12	0	0	0	0	0	0	0	0	0	0	0	0	0	0	12	12	0	0	0	0	0	0	0	0	0	0	0	0	0	0	0	9	11	11	11	12
	0	30	9	11	20	23	23	13	11	13	9	11	11	6	7	7	7	8	7	16	16	12	12	9	11	11	11	0	14	0	11	12	14	12	12	11	11	0	0	0	0	0	0	11	11	11	0	8	11	11	7	0	0	11	11	0	8	8	11	11	11	11	0	6	6	0	0	11	11	13	0	0	11	11	0	0	0	11	0	0	0	0	0	0	0	11	12	0	0	0	0	0	0	0	0	11	0	0	11	11	11	0	0	0	0	0	0	0	0	0	0	0	12	12	12	11	11	11	11	0	12	12	12	0	0	0	0	0	0	0	0	0	0	0	0	0	0	12	12	0	0	0	0	0	0	0	0	0	0	0	0	0	0	0	9	11	11	11	12
	0	30	9	11	20	23	23	13	11	13	9	11	11	6	7	7	7	8	7	16	16	12	12	9	11	11	11	0	14	0	11	12	14	12	12	11	11	0	0	0	0	0	0	11	11	11	0	8	11	11	7	0	0	11	11	0	8	8	11	11	11	11	0	6	6	0	0	11	11	13	0	0	11	11	0	0	0	11	0	0	0	0	0	0	0	11	12	0	0	0	0	0	0	0	0	11	0	0	11	11	11	0	0	0	0	0	0	0	0	0	0	0	12	12	12	11	11	11	11	0	12	12	12	0	0	0	0	0	0	0	0	0	0	0	0	0	0	12	12	0	0	0	0	0	0	0	0	0	0	0	0	0	0	0	9	11	11	11	12
	12	24	6	8	20	20	20	10	12	12	14	8	8	9	12	10	9	9	11	8	7	0	2	7	8	8	8	12	7	12	8	0	7	3	3	8	8	12	12	12	12	12	12	8	8	8	12	15	8	8	11	12	12	8	8	12	5	5	8	8	8	8	12	10	10	12	12	8	8	9	12	12	8	8	12	12	12	8	12	12	12	12	12	12	12	8	0	12	12	12	12	12	12	12	12	8	12	12	8	8	8	12	12	12	12	12	12	12	12	12	12	12	0	0	0	8	8	8	8	12	0	0	0	12	12	12	12	12	12	12	12	12	12	12	12	12	12	0	0	12	12	12	12	12	12	12	12	12	12	12	12	12	12	12	5	8	8	8	0
	12	24	6	8	20	20	20	10	12	12	14	8	8	9	12	10	9	9	11	8	7	0	2	7	8	8	8	12	7	12	8	0	7	3	3	8	8	12	12	12	12	12	12	8	8	8	12	15	8	8	11	12	12	8	8	12	5	5	8	8	8	8	12	10	10	12	12	8	8	9	12	12	8	8	12	12	12	8	12	12	12	12	12	12	12	8	0	12	12	12	12	12	12	12	12	8	12	12	8	8	8	12	12	12	12	12	12	12	12	12	12	12	0	0	0	8	8	8	8	12	0	0	0	12	12	12	12	12	12	12	12	12	12	12	12	12	12	0	0	12	12	12	12	12	12	12	12	12	12	12	12	12	12	12	5	8	8	8	0
	12	24	6	8	20	20	20	10	12	12	14	8	8	9	12	10	9	9	11	8	7	0	2	7	8	8	8	12	7	12	8	0	7	3	3	8	8	12	12	12	12	12	12	8	8	8	12	15	8	8	11	12	12	8	8	12	5	5	8	8	8	8	12	10	10	12	12	8	8	9	12	12	8	8	12	12	12	8	12	12	12	12	12	12	12	8	0	12	12	12	12	12	12	12	12	8	12	12	8	8	8	12	12	12	12	12	12	12	12	12	12	12	0	0	0	8	8	8	8	12	0	0	0	12	12	12	12	12	12	12	12	12	12	12	12	12	12	0	0	12	12	12	12	12	12	12	12	12	12	12	12	12	12	12	5	8	8	8	0
	11	26	5	0	23	24	24	10	12	12	11	0	0	8	10	10	8	9	11	12	11	8	8	9	0	0	0	11	10	11	0	8	10	9	8	0	0	11	11	11	11	11	11	0	0	0	11	12	0	0	11	11	11	0	0	11	3	3	0	0	0	0	11	9	9	11	11	0	0	10	11	11	0	0	11	11	11	0	11	11	11	11	11	11	11	0	8	11	11	11	11	11	11	11	11	0	11	11	0	0	0	11	11	11	11	11	11	11	11	11	11	11	8	8	8	0	0	0	0	11	8	8	8	11	11	11	11	11	11	11	11	11	11	11	11	11	11	8	8	11	11	11	11	11	11	11	11	11	11	11	11	11	11	11	7	0	0	0	8
	11	26	5	0	23	24	24	10	12	12	11	0	0	8	10	10	8	9	11	12	11	8	8	9	0	0	0	11	10	11	0	8	10	9	8	0	0	11	11	11	11	11	11	0	0	0	11	12	0	0	11	11	11	0	0	11	3	3	0	0	0	0	11	9	9	11	11	0	0	10	11	11	0	0	11	11	11	0	11	11	11	11	11	11	11	0	8	11	11	11	11	11	11	11	11	0	11	11	0	0	0	11	11	11	11	11	11	11	11	11	11	11	8	8	8	0	0	0	0	11	8	8	8	11	11	11	11	11	11	11	11	11	11	11	11	11	11	8	8	11	11	11	11	11	11	11	11	11	11	11	11	11	11	11	7	0	0	0	8
	11	26	5	0	23	24	24	10	12	12	11	0	0	8	10	10	8	9	11	12	11	8	8	9	0	0	0	11	10	11	0	8	10	9	8	0	0	11	11	11	11	11	11	0	0	0	11	12	0	0	11	11	11	0	0	11	3	3	0	0	0	0	11	9	9	11	11	0	0	10	11	11	0	0	11	11	11	0	11	11	11	11	11	11	11	0	8	11	11	11	11	11	11	11	11	0	11	11	0	0	0	11	11	11	11	11	11	11	11	11	11	11	8	8	8	0	0	0	0	11	8	8	8	11	11	11	11	11	11	11	11	11	11	11	11	11	11	8	8	11	11	11	11	11	11	11	11	11	11	11	11	11	11	11	7	0	0	0	8
	11	26	5	0	23	24	24	10	12	12	11	0	0	8	10	10	8	9	11	12	11	8	8	9	0	0	0	11	10	11	0	8	10	9	8	0	0	11	11	11	11	11	11	0	0	0	11	12	0	0	11	11	11	0	0	11	3	3	0	0	0	0	11	9	9	11	11	0	0	10	11	11	0	0	11	11	11	0	11	11	11	11	11	11	11	0	8	11	11	11	11	11	11	11	11	0	11	11	0	0	0	11	11	11	11	11	11	11	11	11	11	11	8	8	8	0	0	0	0	11	8	8	8	11	11	11	11	11	11	11	11	11	11	11	11	11	11	8	8	11	11	11	11	11	11	11	11	11	11	11	11	11	11	11	7	0	0	0	8
	0	30	9	11	20	23	23	13	11	13	9	11	11	6	7	7	7	8	7	16	16	12	12	9	11	11	11	0	14	0	11	12	14	12	12	11	11	0	0	0	0	0	0	11	11	11	0	8	11	11	7	0	0	11	11	0	8	8	11	11	11	11	0	6	6	0	0	11	11	13	0	0	11	11	0	0	0	11	0	0	0	0	0	0	0	11	12	0	0	0	0	0	0	0	0	11	0	0	11	11	11	0	0	0	0	0	0	0	0	0	0	0	12	12	12	11	11	11	11	0	12	12	12	0	0	0	0	0	0	0	0	0	0	0	0	0	0	12	12	0	0	0	0	0	0	0	0	0	0	0	0	0	0	0	9	11	11	11	12
	12	24	6	8	20	20	20	10	12	12	14	8	8	9	12	10	9	9	11	8	7	0	2	7	8	8	8	12	7	12	8	0	7	3	3	8	8	12	12	12	12	12	12	8	8	8	12	15	8	8	11	12	12	8	8	12	5	5	8	8	8	8	12	10	10	12	12	8	8	9	12	12	8	8	12	12	12	8	12	12	12	12	12	12	12	8	0	12	12	12	12	12	12	12	12	8	12	12	8	8	8	12	12	12	12	12	12	12	12	12	12	12	0	0	0	8	8	8	8	12	0	0	0	12	12	12	12	12	12	12	12	12	12	12	12	12	12	0	0	12	12	12	12	12	12	12	12	12	12	12	12	12	12	12	5	8	8	8	0
	12	24	6	8	20	20	20	10	12	12	14	8	8	9	12	10	9	9	11	8	7	0	2	7	8	8	8	12	7	12	8	0	7	3	3	8	8	12	12	12	12	12	12	8	8	8	12	15	8	8	11	12	12	8	8	12	5	5	8	8	8	8	12	10	10	12	12	8	8	9	12	12	8	8	12	12	12	8	12	12	12	12	12	12	12	8	0	12	12	12	12	12	12	12	12	8	12	12	8	8	8	12	12	12	12	12	12	12	12	12	12	12	0	0	0	8	8	8	8	12	0	0	0	12	12	12	12	12	12	12	12	12	12	12	12	12	12	0	0	12	12	12	12	12	12	12	12	12	12	12	12	12	12	12	5	8	8	8	0
	12	24	6	8	20	20	20	10	12	12	14	8	8	9	12	10	9	9	11	8	7	0	2	7	8	8	8	12	7	12	8	0	7	3	3	8	8	12	12	12	12	12	12	8	8	8	12	15	8	8	11	12	12	8	8	12	5	5	8	8	8	8	12	10	10	12	12	8	8	9	12	12	8	8	12	12	12	8	12	12	12	12	12	12	12	8	0	12	12	12	12	12	12	12	12	8	12	12	8	8	8	12	12	12	12	12	12	12	12	12	12	12	0	0	0	8	8	8	8	12	0	0	0	12	12	12	12	12	12	12	12	12	12	12	12	12	12	0	0	12	12	12	12	12	12	12	12	12	12	12	12	12	12	12	5	8	8	8	0
	0	30	9	11	20	23	23	13	11	13	9	11	11	6	7	7	7	8	7	16	16	12	12	9	11	11	11	0	14	0	11	12	14	12	12	11	11	0	0	0	0	0	0	11	11	11	0	8	11	11	7	0	0	11	11	0	8	8	11	11	11	11	0	6	6	0	0	11	11	13	0	0	11	11	0	0	0	11	0	0	0	0	0	0	0	11	12	0	0	0	0	0	0	0	0	11	0	0	11	11	11	0	0	0	0	0	0	0	0	0	0	0	12	12	12	11	11	11	11	0	12	12	12	0	0	0	0	0	0	0	0	0	0	0	0	0	0	12	12	0	0	0	0	0	0	0	0	0	0	0	0	0	0	0	9	11	11	11	12
	0	30	9	11	20	23	23	13	11	13	9	11	11	6	7	7	7	8	7	16	16	12	12	9	11	11	11	0	14	0	11	12	14	12	12	11	11	0	0	0	0	0	0	11	11	11	0	8	11	11	7	0	0	11	11	0	8	8	11	11	11	11	0	6	6	0	0	11	11	13	0	0	11	11	0	0	0	11	0	0	0	0	0	0	0	11	12	0	0	0	0	0	0	0	0	11	0	0	11	11	11	0	0	0	0	0	0	0	0	0	0	0	12	12	12	11	11	11	11	0	12	12	12	0	0	0	0	0	0	0	0	0	0	0	0	0	0	12	12	0	0	0	0	0	0	0	0	0	0	0	0	0	0	0	9	11	11	11	12
	0	30	9	11	20	23	23	13	11	13	9	11	11	6	7	7	7	8	7	16	16	12	12	9	11	11	11	0	14	0	11	12	14	12	12	11	11	0	0	0	0	0	0	11	11	11	0	8	11	11	7	0	0	11	11	0	8	8	11	11	11	11	0	6	6	0	0	11	11	13	0	0	11	11	0	0	0	11	0	0	0	0	0	0	0	11	12	0	0	0	0	0	0	0	0	11	0	0	11	11	11	0	0	0	0	0	0	0	0	0	0	0	12	12	12	11	11	11	11	0	12	12	12	0	0	0	0	0	0	0	0	0	0	0	0	0	0	12	12	0	0	0	0	0	0	0	0	0	0	0	0	0	0	0	9	11	11	11	12
	0	30	9	11	20	23	23	13	11	13	9	11	11	6	7	7	7	8	7	16	16	12	12	9	11	11	11	0	14	0	11	12	14	12	12	11	11	0	0	0	0	0	0	11	11	11	0	8	11	11	7	0	0	11	11	0	8	8	11	11	11	11	0	6	6	0	0	11	11	13	0	0	11	11	0	0	0	11	0	0	0	0	0	0	0	11	12	0	0	0	0	0	0	0	0	11	0	0	11	11	11	0	0	0	0	0	0	0	0	0	0	0	12	12	12	11	11	11	11	0	12	12	12	0	0	0	0	0	0	0	0	0	0	0	0	0	0	12	12	0	0	0	0	0	0	0	0	0	0	0	0	0	0	0	9	11	11	11	12
	0	30	9	11	20	23	23	13	11	13	9	11	11	6	7	7	7	8	7	16	16	12	12	9	11	11	11	0	14	0	11	12	14	12	12	11	11	0	0	0	0	0	0	11	11	11	0	8	11	11	7	0	0	11	11	0	8	8	11	11	11	11	0	6	6	0	0	11	11	13	0	0	11	11	0	0	0	11	0	0	0	0	0	0	0	11	12	0	0	0	0	0	0	0	0	11	0	0	11	11	11	0	0	0	0	0	0	0	0	0	0	0	12	12	12	11	11	11	11	0	12	12	12	0	0	0	0	0	0	0	0	0	0	0	0	0	0	12	12	0	0	0	0	0	0	0	0	0	0	0	0	0	0	0	9	11	11	11	12
	0	30	9	11	20	23	23	13	11	13	9	11	11	6	7	7	7	8	7	16	16	12	12	9	11	11	11	0	14	0	11	12	14	12	12	11	11	0	0	0	0	0	0	11	11	11	0	8	11	11	7	0	0	11	11	0	8	8	11	11	11	11	0	6	6	0	0	11	11	13	0	0	11	11	0	0	0	11	0	0	0	0	0	0	0	11	12	0	0	0	0	0	0	0	0	11	0	0	11	11	11	0	0	0	0	0	0	0	0	0	0	0	12	12	12	11	11	11	11	0	12	12	12	0	0	0	0	0	0	0	0	0	0	0	0	0	0	12	12	0	0	0	0	0	0	0	0	0	0	0	0	0	0	0	9	11	11	11	12
	0	30	9	11	20	23	23	13	11	13	9	11	11	6	7	7	7	8	7	16	16	12	12	9	11	11	11	0	14	0	11	12	14	12	12	11	11	0	0	0	0	0	0	11	11	11	0	8	11	11	7	0	0	11	11	0	8	8	11	11	11	11	0	6	6	0	0	11	11	13	0	0	11	11	0	0	0	11	0	0	0	0	0	0	0	11	12	0	0	0	0	0	0	0	0	11	0	0	11	11	11	0	0	0	0	0	0	0	0	0	0	0	12	12	12	11	11	11	11	0	12	12	12	0	0	0	0	0	0	0	0	0	0	0	0	0	0	12	12	0	0	0	0	0	0	0	0	0	0	0	0	0	0	0	9	11	11	11	12
	0	30	9	11	20	23	23	13	11	13	9	11	11	6	7	7	7	8	7	16	16	12	12	9	11	11	11	0	14	0	11	12	14	12	12	11	11	0	0	0	0	0	0	11	11	11	0	8	11	11	7	0	0	11	11	0	8	8	11	11	11	11	0	6	6	0	0	11	11	13	0	0	11	11	0	0	0	11	0	0	0	0	0	0	0	11	12	0	0	0	0	0	0	0	0	11	0	0	11	11	11	0	0	0	0	0	0	0	0	0	0	0	12	12	12	11	11	11	11	0	12	12	12	0	0	0	0	0	0	0	0	0	0	0	0	0	0	12	12	0	0	0	0	0	0	0	0	0	0	0	0	0	0	0	9	11	11	11	12
	0	30	9	11	20	23	23	13	11	13	9	11	11	6	7	7	7	8	7	16	16	12	12	9	11	11	11	0	14	0	11	12	14	12	12	11	11	0	0	0	0	0	0	11	11	11	0	8	11	11	7	0	0	11	11	0	8	8	11	11	11	11	0	6	6	0	0	11	11	13	0	0	11	11	0	0	0	11	0	0	0	0	0	0	0	11	12	0	0	0	0	0	0	0	0	11	0	0	11	11	11	0	0	0	0	0	0	0	0	0	0	0	12	12	12	11	11	11	11	0	12	12	12	0	0	0	0	0	0	0	0	0	0	0	0	0	0	12	12	0	0	0	0	0	0	0	0	0	0	0	0	0	0	0	9	11	11	11	12
	0	30	9	11	20	23	23	13	11	13	9	11	11	6	7	7	7	8	7	16	16	12	12	9	11	11	11	0	14	0	11	12	14	12	12	11	11	0	0	0	0	0	0	11	11	11	0	8	11	11	7	0	0	11	11	0	8	8	11	11	11	11	0	6	6	0	0	11	11	13	0	0	11	11	0	0	0	11	0	0	0	0	0	0	0	11	12	0	0	0	0	0	0	0	0	11	0	0	11	11	11	0	0	0	0	0	0	0	0	0	0	0	12	12	12	11	11	11	11	0	12	12	12	0	0	0	0	0	0	0	0	0	0	0	0	0	0	12	12	0	0	0	0	0	0	0	0	0	0	0	0	0	0	0	9	11	11	11	12
	0	30	9	11	20	23	23	13	11	13	9	11	11	6	7	7	7	8	7	16	16	12	12	9	11	11	11	0	14	0	11	12	14	12	12	11	11	0	0	0	0	0	0	11	11	11	0	8	11	11	7	0	0	11	11	0	8	8	11	11	11	11	0	6	6	0	0	11	11	13	0	0	11	11	0	0	0	11	0	0	0	0	0	0	0	11	12	0	0	0	0	0	0	0	0	11	0	0	11	11	11	0	0	0	0	0	0	0	0	0	0	0	12	12	12	11	11	11	11	0	12	12	12	0	0	0	0	0	0	0	0	0	0	0	0	0	0	12	12	0	0	0	0	0	0	0	0	0	0	0	0	0	0	0	9	11	11	11	12
	0	30	9	11	20	23	23	13	11	13	9	11	11	6	7	7	7	8	7	16	16	12	12	9	11	11	11	0	14	0	11	12	14	12	12	11	11	0	0	0	0	0	0	11	11	11	0	8	11	11	7	0	0	11	11	0	8	8	11	11	11	11	0	6	6	0	0	11	11	13	0	0	11	11	0	0	0	11	0	0	0	0	0	0	0	11	12	0	0	0	0	0	0	0	0	11	0	0	11	11	11	0	0	0	0	0	0	0	0	0	0	0	12	12	12	11	11	11	11	0	12	12	12	0	0	0	0	0	0	0	0	0	0	0	0	0	0	12	12	0	0	0	0	0	0	0	0	0	0	0	0	0	0	0	9	11	11	11	12
	0	30	9	11	20	23	23	13	11	13	9	11	11	6	7	7	7	8	7	16	16	12	12	9	11	11	11	0	14	0	11	12	14	12	12	11	11	0	0	0	0	0	0	11	11	11	0	8	11	11	7	0	0	11	11	0	8	8	11	11	11	11	0	6	6	0	0	11	11	13	0	0	11	11	0	0	0	11	0	0	0	0	0	0	0	11	12	0	0	0	0	0	0	0	0	11	0	0	11	11	11	0	0	0	0	0	0	0	0	0	0	0	12	12	12	11	11	11	11	0	12	12	12	0	0	0	0	0	0	0	0	0	0	0	0	0	0	12	12	0	0	0	0	0	0	0	0	0	0	0	0	0	0	0	9	11	11	11	12
	0	30	9	11	20	23	23	13	11	13	9	11	11	6	7	7	7	8	7	16	16	12	12	9	11	11	11	0	14	0	11	12	14	12	12	11	11	0	0	0	0	0	0	11	11	11	0	8	11	11	7	0	0	11	11	0	8	8	11	11	11	11	0	6	6	0	0	11	11	13	0	0	11	11	0	0	0	11	0	0	0	0	0	0	0	11	12	0	0	0	0	0	0	0	0	11	0	0	11	11	11	0	0	0	0	0	0	0	0	0	0	0	12	12	12	11	11	11	11	0	12	12	12	0	0	0	0	0	0	0	0	0	0	0	0	0	0	12	12	0	0	0	0	0	0	0	0	0	0	0	0	0	0	0	9	11	11	11	12
	12	24	6	8	20	20	20	10	12	12	14	8	8	9	12	10	9	9	11	8	7	0	2	7	8	8	8	12	7	12	8	0	7	3	3	8	8	12	12	12	12	12	12	8	8	8	12	15	8	8	11	12	12	8	8	12	5	5	8	8	8	8	12	10	10	12	12	8	8	9	12	12	8	8	12	12	12	8	12	12	12	12	12	12	12	8	0	12	12	12	12	12	12	12	12	8	12	12	8	8	8	12	12	12	12	12	12	12	12	12	12	12	0	0	0	8	8	8	8	12	0	0	0	12	12	12	12	12	12	12	12	12	12	12	12	12	12	0	0	12	12	12	12	12	12	12	12	12	12	12	12	12	12	12	5	8	8	8	0
	12	24	6	8	20	20	20	10	12	12	14	8	8	9	12	10	9	9	11	8	7	0	2	7	8	8	8	12	7	12	8	0	7	3	3	8	8	12	12	12	12	12	12	8	8	8	12	15	8	8	11	12	12	8	8	12	5	5	8	8	8	8	12	10	10	12	12	8	8	9	12	12	8	8	12	12	12	8	12	12	12	12	12	12	12	8	0	12	12	12	12	12	12	12	12	8	12	12	8	8	8	12	12	12	12	12	12	12	12	12	12	12	0	0	0	8	8	8	8	12	0	0	0	12	12	12	12	12	12	12	12	12	12	12	12	12	12	0	0	12	12	12	12	12	12	12	12	12	12	12	12	12	12	12	5	8	8	8	0
	0	30	9	11	20	23	23	13	11	13	9	11	11	6	7	7	7	8	7	16	16	12	12	9	11	11	11	0	14	0	11	12	14	12	12	11	11	0	0	0	0	0	0	11	11	11	0	8	11	11	7	0	0	11	11	0	8	8	11	11	11	11	0	6	6	0	0	11	11	13	0	0	11	11	0	0	0	11	0	0	0	0	0	0	0	11	12	0	0	0	0	0	0	0	0	11	0	0	11	11	11	0	0	0	0	0	0	0	0	0	0	0	12	12	12	11	11	11	11	0	12	12	12	0	0	0	0	0	0	0	0	0	0	0	0	0	0	12	12	0	0	0	0	0	0	0	0	0	0	0	0	0	0	0	9	11	11	11	12
	0	30	9	11	20	23	23	13	11	13	9	11	11	6	7	7	7	8	7	16	16	12	12	9	11	11	11	0	14	0	11	12	14	12	12	11	11	0	0	0	0	0	0	11	11	11	0	8	11	11	7	0	0	11	11	0	8	8	11	11	11	11	0	6	6	0	0	11	11	13	0	0	11	11	0	0	0	11	0	0	0	0	0	0	0	11	12	0	0	0	0	0	0	0	0	11	0	0	11	11	11	0	0	0	0	0	0	0	0	0	0	0	12	12	12	11	11	11	11	0	12	12	12	0	0	0	0	0	0	0	0	0	0	0	0	0	0	12	12	0	0	0	0	0	0	0	0	0	0	0	0	0	0	0	9	11	11	11	12
	0	30	9	11	20	23	23	13	11	13	9	11	11	6	7	7	7	8	7	16	16	12	12	9	11	11	11	0	14	0	11	12	14	12	12	11	11	0	0	0	0	0	0	11	11	11	0	8	11	11	7	0	0	11	11	0	8	8	11	11	11	11	0	6	6	0	0	11	11	13	0	0	11	11	0	0	0	11	0	0	0	0	0	0	0	11	12	0	0	0	0	0	0	0	0	11	0	0	11	11	11	0	0	0	0	0	0	0	0	0	0	0	12	12	12	11	11	11	11	0	12	12	12	0	0	0	0	0	0	0	0	0	0	0	0	0	0	12	12	0	0	0	0	0	0	0	0	0	0	0	0	0	0	0	9	11	11	11	12
	0	30	9	11	20	23	23	13	11	13	9	11	11	6	7	7	7	8	7	16	16	12	12	9	11	11	11	0	14	0	11	12	14	12	12	11	11	0	0	0	0	0	0	11	11	11	0	8	11	11	7	0	0	11	11	0	8	8	11	11	11	11	0	6	6	0	0	11	11	13	0	0	11	11	0	0	0	11	0	0	0	0	0	0	0	11	12	0	0	0	0	0	0	0	0	11	0	0	11	11	11	0	0	0	0	0	0	0	0	0	0	0	12	12	12	11	11	11	11	0	12	12	12	0	0	0	0	0	0	0	0	0	0	0	0	0	0	12	12	0	0	0	0	0	0	0	0	0	0	0	0	0	0	0	9	11	11	11	12
	0	30	9	11	20	23	23	13	11	13	9	11	11	6	7	7	7	8	7	16	16	12	12	9	11	11	11	0	14	0	11	12	14	12	12	11	11	0	0	0	0	0	0	11	11	11	0	8	11	11	7	0	0	11	11	0	8	8	11	11	11	11	0	6	6	0	0	11	11	13	0	0	11	11	0	0	0	11	0	0	0	0	0	0	0	11	12	0	0	0	0	0	0	0	0	11	0	0	11	11	11	0	0	0	0	0	0	0	0	0	0	0	12	12	12	11	11	11	11	0	12	12	12	0	0	0	0	0	0	0	0	0	0	0	0	0	0	12	12	0	0	0	0	0	0	0	0	0	0	0	0	0	0	0	9	11	11	11	12
	0	30	9	11	20	23	23	13	11	13	9	11	11	6	7	7	7	8	7	16	16	12	12	9	11	11	11	0	14	0	11	12	14	12	12	11	11	0	0	0	0	0	0	11	11	11	0	8	11	11	7	0	0	11	11	0	8	8	11	11	11	11	0	6	6	0	0	11	11	13	0	0	11	11	0	0	0	11	0	0	0	0	0	0	0	11	12	0	0	0	0	0	0	0	0	11	0	0	11	11	11	0	0	0	0	0	0	0	0	0	0	0	12	12	12	11	11	11	11	0	12	12	12	0	0	0	0	0	0	0	0	0	0	0	0	0	0	12	12	0	0	0	0	0	0	0	0	0	0	0	0	0	0	0	9	11	11	11	12
	0	30	9	11	20	23	23	13	11	13	9	11	11	6	7	7	7	8	7	16	16	12	12	9	11	11	11	0	14	0	11	12	14	12	12	11	11	0	0	0	0	0	0	11	11	11	0	8	11	11	7	0	0	11	11	0	8	8	11	11	11	11	0	6	6	0	0	11	11	13	0	0	11	11	0	0	0	11	0	0	0	0	0	0	0	11	12	0	0	0	0	0	0	0	0	11	0	0	11	11	11	0	0	0	0	0	0	0	0	0	0	0	12	12	12	11	11	11	11	0	12	12	12	0	0	0	0	0	0	0	0	0	0	0	0	0	0	12	12	0	0	0	0	0	0	0	0	0	0	0	0	0	0	0	9	11	11	11	12
	0	30	9	11	20	23	23	13	11	13	9	11	11	6	7	7	7	8	7	16	16	12	12	9	11	11	11	0	14	0	11	12	14	12	12	11	11	0	0	0	0	0	0	11	11	11	0	8	11	11	7	0	0	11	11	0	8	8	11	11	11	11	0	6	6	0	0	11	11	13	0	0	11	11	0	0	0	11	0	0	0	0	0	0	0	11	12	0	0	0	0	0	0	0	0	11	0	0	11	11	11	0	0	0	0	0	0	0	0	0	0	0	12	12	12	11	11	11	11	0	12	12	12	0	0	0	0	0	0	0	0	0	0	0	0	0	0	12	12	0	0	0	0	0	0	0	0	0	0	0	0	0	0	0	9	11	11	11	12
	0	30	9	11	20	23	23	13	11	13	9	11	11	6	7	7	7	8	7	16	16	12	12	9	11	11	11	0	14	0	11	12	14	12	12	11	11	0	0	0	0	0	0	11	11	11	0	8	11	11	7	0	0	11	11	0	8	8	11	11	11	11	0	6	6	0	0	11	11	13	0	0	11	11	0	0	0	11	0	0	0	0	0	0	0	11	12	0	0	0	0	0	0	0	0	11	0	0	11	11	11	0	0	0	0	0	0	0	0	0	0	0	12	12	12	11	11	11	11	0	12	12	12	0	0	0	0	0	0	0	0	0	0	0	0	0	0	12	12	0	0	0	0	0	0	0	0	0	0	0	0	0	0	0	9	11	11	11	12
	0	30	9	11	20	23	23	13	11	13	9	11	11	6	7	7	7	8	7	16	16	12	12	9	11	11	11	0	14	0	11	12	14	12	12	11	11	0	0	0	0	0	0	11	11	11	0	8	11	11	7	0	0	11	11	0	8	8	11	11	11	11	0	6	6	0	0	11	11	13	0	0	11	11	0	0	0	11	0	0	0	0	0	0	0	11	12	0	0	0	0	0	0	0	0	11	0	0	11	11	11	0	0	0	0	0	0	0	0	0	0	0	12	12	12	11	11	11	11	0	12	12	12	0	0	0	0	0	0	0	0	0	0	0	0	0	0	12	12	0	0	0	0	0	0	0	0	0	0	0	0	0	0	0	9	11	11	11	12
	0	30	9	11	20	23	23	13	11	13	9	11	11	6	7	7	7	8	7	16	16	12	12	9	11	11	11	0	14	0	11	12	14	12	12	11	11	0	0	0	0	0	0	11	11	11	0	8	11	11	7	0	0	11	11	0	8	8	11	11	11	11	0	6	6	0	0	11	11	13	0	0	11	11	0	0	0	11	0	0	0	0	0	0	0	11	12	0	0	0	0	0	0	0	0	11	0	0	11	11	11	0	0	0	0	0	0	0	0	0	0	0	12	12	12	11	11	11	11	0	12	12	12	0	0	0	0	0	0	0	0	0	0	0	0	0	0	12	12	0	0	0	0	0	0	0	0	0	0	0	0	0	0	0	9	11	11	11	12
	0	30	9	11	20	23	23	13	11	13	9	11	11	6	7	7	7	8	7	16	16	12	12	9	11	11	11	0	14	0	11	12	14	12	12	11	11	0	0	0	0	0	0	11	11	11	0	8	11	11	7	0	0	11	11	0	8	8	11	11	11	11	0	6	6	0	0	11	11	13	0	0	11	11	0	0	0	11	0	0	0	0	0	0	0	11	12	0	0	0	0	0	0	0	0	11	0	0	11	11	11	0	0	0	0	0	0	0	0	0	0	0	12	12	12	11	11	11	11	0	12	12	12	0	0	0	0	0	0	0	0	0	0	0	0	0	0	12	12	0	0	0	0	0	0	0	0	0	0	0	0	0	0	0	9	11	11	11	12
	0	30	9	11	20	23	23	13	11	13	9	11	11	6	7	7	7	8	7	16	16	12	12	9	11	11	11	0	14	0	11	12	14	12	12	11	11	0	0	0	0	0	0	11	11	11	0	8	11	11	7	0	0	11	11	0	8	8	11	11	11	11	0	6	6	0	0	11	11	13	0	0	11	11	0	0	0	11	0	0	0	0	0	0	0	11	12	0	0	0	0	0	0	0	0	11	0	0	11	11	11	0	0	0	0	0	0	0	0	0	0	0	12	12	12	11	11	11	11	0	12	12	12	0	0	0	0	0	0	0	0	0	0	0	0	0	0	12	12	0	0	0	0	0	0	0	0	0	0	0	0	0	0	0	9	11	11	11	12
	0	30	9	11	20	23	23	13	11	13	9	11	11	6	7	7	7	8	7	16	16	12	12	9	11	11	11	0	14	0	11	12	14	12	12	11	11	0	0	0	0	0	0	11	11	11	0	8	11	11	7	0	0	11	11	0	8	8	11	11	11	11	0	6	6	0	0	11	11	13	0	0	11	11	0	0	0	11	0	0	0	0	0	0	0	11	12	0	0	0	0	0	0	0	0	11	0	0	11	11	11	0	0	0	0	0	0	0	0	0	0	0	12	12	12	11	11	11	11	0	12	12	12	0	0	0	0	0	0	0	0	0	0	0	0	0	0	12	12	0	0	0	0	0	0	0	0	0	0	0	0	0	0	0	9	11	11	11	12
	0	30	9	11	20	23	23	13	11	13	9	11	11	6	7	7	7	8	7	16	16	12	12	9	11	11	11	0	14	0	11	12	14	12	12	11	11	0	0	0	0	0	0	11	11	11	0	8	11	11	7	0	0	11	11	0	8	8	11	11	11	11	0	6	6	0	0	11	11	13	0	0	11	11	0	0	0	11	0	0	0	0	0	0	0	11	12	0	0	0	0	0	0	0	0	11	0	0	11	11	11	0	0	0	0	0	0	0	0	0	0	0	12	12	12	11	11	11	11	0	12	12	12	0	0	0	0	0	0	0	0	0	0	0	0	0	0	12	12	0	0	0	0	0	0	0	0	0	0	0	0	0	0	0	9	11	11	11	12
	9	24	3	7	22	21	21	10	10	12	12	7	7	9	9	7	6	6	10	9	9	5	4	6	7	7	7	9	9	9	7	5	8	7	5	7	7	9	9	9	9	9	9	7	7	7	9	12	7	7	10	9	9	7	7	9	4	4	7	7	7	7	9	10	10	9	9	7	7	7	9	9	7	7	9	9	9	7	9	9	9	9	9	9	9	7	5	9	9	9	9	9	9	9	9	7	9	9	7	7	7	9	9	9	9	9	9	9	9	9	9	9	5	5	5	7	7	7	7	9	5	5	5	9	9	9	9	9	9	9	9	9	9	9	9	9	9	5	5	9	9	9	9	9	9	9	9	9	9	9	9	9	9	9	0	7	7	7	5
	11	26	5	0	23	24	24	10	12	12	11	0	0	8	10	10	8	9	11	12	11	8	8	9	0	0	0	11	10	11	0	8	10	9	8	0	0	11	11	11	11	11	11	0	0	0	11	12	0	0	11	11	11	0	0	11	3	3	0	0	0	0	11	9	9	11	11	0	0	10	11	11	0	0	11	11	11	0	11	11	11	11	11	11	11	0	8	11	11	11	11	11	11	11	11	0	11	11	0	0	0	11	11	11	11	11	11	11	11	11	11	11	8	8	8	0	0	0	0	11	8	8	8	11	11	11	11	11	11	11	11	11	11	11	11	11	11	8	8	11	11	11	11	11	11	11	11	11	11	11	11	11	11	11	7	0	0	0	8
	11	26	5	0	23	24	24	10	12	12	11	0	0	8	10	10	8	9	11	12	11	8	8	9	0	0	0	11	10	11	0	8	10	9	8	0	0	11	11	11	11	11	11	0	0	0	11	12	0	0	11	11	11	0	0	11	3	3	0	0	0	0	11	9	9	11	11	0	0	10	11	11	0	0	11	11	11	0	11	11	11	11	11	11	11	0	8	11	11	11	11	11	11	11	11	0	11	11	0	0	0	11	11	11	11	11	11	11	11	11	11	11	8	8	8	0	0	0	0	11	8	8	8	11	11	11	11	11	11	11	11	11	11	11	11	11	11	8	8	11	11	11	11	11	11	11	11	11	11	11	11	11	11	11	7	0	0	0	8
	11	26	5	0	23	24	24	10	12	12	11	0	0	8	10	10	8	9	11	12	11	8	8	9	0	0	0	11	10	11	0	8	10	9	8	0	0	11	11	11	11	11	11	0	0	0	11	12	0	0	11	11	11	0	0	11	3	3	0	0	0	0	11	9	9	11	11	0	0	10	11	11	0	0	11	11	11	0	11	11	11	11	11	11	11	0	8	11	11	11	11	11	11	11	11	0	11	11	0	0	0	11	11	11	11	11	11	11	11	11	11	11	8	8	8	0	0	0	0	11	8	8	8	11	11	11	11	11	11	11	11	11	11	11	11	11	11	8	8	11	11	11	11	11	11	11	11	11	11	11	11	11	11	11	7	0	0	0	8
	12	24	6	8	20	20	20	10	12	12	14	8	8	9	12	10	9	9	11	8	7	0	2	7	8	8	8	12	7	12	8	0	7	3	3	8	8	12	12	12	12	12	12	8	8	8	12	15	8	8	11	12	12	8	8	12	5	5	8	8	8	8	12	10	10	12	12	8	8	9	12	12	8	8	12	12	12	8	12	12	12	12	12	12	12	8	0	12	12	12	12	12	12	12	12	8	12	12	8	8	8	12	12	12	12	12	12	12	12	12	12	12	0	0	0	8	8	8	8	12	0	0	0	12	12	12	12	12	12	12	12	12	12	12	12	12	12	0	0	12	12	12	12	12	12	12	12	12	12	12	12	12	12	12	5	8	8	8	0