20090730
192
VEHICLE
NUMBER
25

CUSTOMER
CUST NO.	XCOORD.	YCOORD.	DEMAND	STAFF1  STAFF2	READY TIME	DUE DATE	SERVICE TIME
	0	0	0	0	0	0	0	1440	0
	1	0	0	2	2	0	510	570	10
	2	0	0	1	2	0	480	540	10
	3	0	0	2	2	0	570	630	10
	4	0	0	2	2	1	570	630	10
	5	0	0	1	2	0	630	690	10
	6	0	0	1	2	1	480	510	10
	7	0	0	1	2	0	480	500	10
	8	0	0	1	2	0	480	540	10
	9	0	0	2	2	0	620	680	3
	10	0	0	1	2	1	490	550	10
	11	0	0	1	2	0	490	550	10
	12	0	0	2	2	0	510	570	10
	13	0	0	2	2	0	630	690	10
	14	0	0	1	2	0	580	640	3
	15	0	0	1	2	0	480	540	10
	16	0	0	1	2	0	480	540	10
	17	0	0	1	2	1	640	700	10
	18	0	0	1	2	0	480	500	10
	19	0	0	1	2	0	540	690	8
	20	0	0	1	2	0	540	690	8
	21	0	0	1	2	0	495	585	8
	22	0	0	3	3	0	540	630	8
	23	0	0	4	2	0	555	615	10
	24	0	0	1	2	0	580	640	10
	25	0	0	2	3	1	580	640	3
	26	0	0	1	2	0	550	610	10
	27	0	0	2	2	0	615	675	10
	28	0	0	2	2	0	540	600	10
	29	0	0	2	2	0	480	520	24
	30	0	0	1	2	0	565	655	8
	31	0	0	2	2	0	480	510	8
	32	0	0	4	2	0	480	510	8
	33	0	0	1	2	0	490	550	3
	34	0	0	1	2	0	480	510	8
	35	0	0	1	2	0	750	1200	8
	36	0	0	1	3	1	583	643	8
	37	0	0	3	2	0	750	1200	8
	38	0	0	1	2	0	600	720	8
	39	0	0	1	2	0	750	1200	8
	40	0	0	1	2	0	609	669	8
	41	0	0	3	2	0	480	1200	8
	42	0	0	2	2	0	750	810	10
	43	0	0	2	2	0	840	900	10
	44	0	0	2	2	0	765	825	10
	45	0	0	1	2	0	600	720	8
	46	0	0	1	2	0	611	671	8
	47	0	0	3	2	0	480	1200	8
	48	0	0	3	2	0	480	1200	8
	49	0	0	1	2	0	705	795	8
	50	0	0	1	2	0	627	687	8
	51	0	0	1	2	0	629	689	8
	52	0	0	1	2	0	629	689	8
	53	0	0	2	2	0	745	805	3
	54	0	0	2	2	0	820	880	10
	55	0	0	1	2	0	761	881	8
	56	0	0	2	2	0	659	719	8
	57	0	0	2	3	0	658	718	8
	58	0	0	2	2	0	665	725	8
	59	0	0	3	2	0	750	1200	8
	60	0	0	1	2	0	664	724	8
	61	0	0	1	2	0	750	1200	8
	62	0	0	3	3	0	750	1200	8
	63	0	0	4	2	0	665	725	8
	64	0	0	2	3	0	659	719	8
	65	0	0	3	3	0	780	900	8
	66	0	0	1	2	0	480	1200	8
	67	0	0	3	2	0	480	1200	8
	68	0	0	2	2	0	775	835	12
	69	0	0	1	2	0	820	880	3
	70	0	0	1	2	0	684	804	8
	71	0	0	1	2	0	480	1200	8
	72	0	0	2	2	0	646	706	8
	73	0	0	2	2	0	644	704	8
	74	0	0	1	2	0	825	915	8
	75	0	0	2	2	0	745	805	10
	76	0	0	2	2	1	659	719	8
	77	0	0	1	2	0	480	1200	8
	78	0	0	1	2	0	664	724	8
	79	0	0	1	2	0	699	819	8
	80	0	0	2	2	0	658	718	8
	81	0	0	1	3	1	660	720	8
	82	0	0	1	2	0	480	1200	8
	83	0	0	3	2	0	480	1200	8
	84	0	0	2	2	0	646	706	8
	85	0	0	1	2	0	750	1200	8
	86	0	0	1	2	0	664	784	8
	87	0	0	2	3	0	665	725	8
	88	0	0	1	2	0	750	1200	8
	89	0	0	1	2	0	480	1200	8
	90	0	0	3	2	0	480	1200	8
	91	0	0	3	2	0	480	1200	8
	92	0	0	1	2	0	750	1200	8
	93	0	0	1	2	0	960	1080	8
	94	0	0	3	2	0	480	1200	8
	95	0	0	3	3	0	660	810	8
	96	0	0	2	2	0	775	865	8
	97	0	0	1	2	0	480	1200	8
	98	0	0	3	2	0	795	885	8
	99	0	0	1	2	0	480	1200	8
	100	0	0	1	2	0	480	1200	8
	101	0	0	1	2	0	480	1200	8
	102	0	0	3	2	0	480	1200	8
	103	0	0	3	2	0	840	990	8
	104	0	0	1	2	0	480	1200	8
	105	0	0	2	2	0	752	872	8
	106	0	0	1	2	0	960	1080	8
	107	0	0	3	2	0	480	750	8
	108	0	0	1	3	0	843	903	8
	109	0	0	1	2	0	843	903	8
	110	0	0	3	2	0	750	1200	8
	111	0	0	2	3	1	856	916	8
	112	0	0	1	2	1	480	1200	8
	113	0	0	1	2	0	764	884	8
	114	0	0	3	2	0	480	1200	8
	115	0	0	1	2	0	816	966	8
	116	0	0	4	2	1	891	1011	8
	117	0	0	1	2	0	960	1080	8
	118	0	0	3	2	0	960	1080	8
	119	0	0	3	2	0	960	1080	8
	120	0	0	1	3	0	813	933	8
	121	0	0	3	2	0	480	1200	8
	122	0	0	3	2	0	800	920	8
	123	0	0	1	2	0	480	1200	8
	124	0	0	3	2	0	480	1200	8
	125	0	0	3	2	0	750	1200	8
	126	0	0	1	2	0	480	1200	8
	127	0	0	3	2	0	480	1200	8
	128	0	0	1	2	0	843	903	8
	129	0	0	1	2	0	842	902	8
	130	0	0	1	2	0	843	903	8
	131	0	0	1	2	0	843	903	8
	132	0	0	3	3	0	867	1017	8
	133	0	0	1	2	0	750	1200	8
	134	0	0	2	2	0	893	953	8
	135	0	0	2	2	1	901	961	8
	136	0	0	1	2	0	480	1200	8
	137	0	0	3	2	0	1003	1123	8
	138	0	0	1	2	0	480	1200	8
	139	0	0	1	2	0	750	1200	8
	140	0	0	1	2	0	1012	1132	8
	141	0	0	1	3	0	904	964	8
	142	0	0	1	2	0	480	1200	8
	143	0	0	2	2	0	901	961	8
	144	0	0	3	3	0	1061	1181	8
	145	0	0	2	2	0	927	1047	8
	146	0	0	3	2	0	480	1200	8
	147	0	0	3	2	0	904	1024	8
	148	0	0	3	2	0	480	1200	8
	149	0	0	1	2	0	480	1200	8
	150	0	0	3	2	0	750	1200	8
	151	0	0	3	2	0	750	1200	8
	152	0	0	3	2	0	480	1200	8
	153	0	0	1	2	0	480	1200	8
	154	0	0	3	2	0	960	1080	8
	155	0	0	1	2	0	960	1080	8
	156	0	0	1	2	0	960	1080	8
	157	0	0	1	2	0	960	1080	8
	158	0	0	3	2	0	946	1096	8
	159	0	0	3	2	0	950	1100	8
	160	0	0	1	2	0	480	1200	8
	161	0	0	1	2	0	1017	1137	8
	162	0	0	3	2	0	1009	1159	8
	163	0	0	2	2	0	903	963	8
	164	0	0	1	2	0	843	903	8
	165	0	0	3	2	0	480	1200	8
	166	0	0	1	2	0	480	1200	8
	167	0	0	3	2	0	1001	1151	8
	168	0	0	3	2	0	480	1200	8
	169	0	0	1	2	0	480	1200	8
	170	0	0	1	2	0	480	1200	8
	171	0	0	1	2	0	750	1200	8
	172	0	0	1	2	0	750	1200	8
	173	0	0	2	2	1	901	961	8
	174	0	0	2	3	0	903	963	8
	175	0	0	1	2	0	480	1200	8
	176	0	0	1	2	0	794	944	8
	177	0	0	1	2	0	796	946	8
	178	0	0	1	2	0	750	1200	8
	179	0	0	1	2	0	906	1026	8
	180	0	0	1	2	0	750	1200	8
	181	0	0	3	3	0	1037	1187	8
	182	0	0	2	2	0	904	1024	8
	183	0	0	1	2	0	933	1083	8
	184	0	0	1	2	1	1027	1177	8
	185	0	0	1	2	0	1031	1181	8
	186	0	0	1	2	0	1042	1192	8
	187	0	0	1	2	0	987	1137	8
	188	0	0	1	2	0	990	1140	8
	189	0	0	1	2	0	750	1200	8
	190	0	0	1	2	1	550	610	10
	191	0	0	1	2	0	630	690	10
	192	0	0	1	2	0	750	1200	8
Travel Time Between Locations
	0	12	13	13	14	8	9	7	7	6	6	8	40	17	8	14	11	9	10	0	0	11	11	18	13	13	12	14	12	9	12	12	12	11	11	11	11	11	0	0	11	11	13	11	14	0	11	0	0	11	11	11	11	10	8	0	0	0	6	11	11	11	11	8	0	0	0	0	7	11	21	0	0	0	11	8	0	11	11	0	0	11	0	0	0	0	11	12	0	0	0	0	11	11	0	0	0	0	11	0	0	0	0	0	0	0	12	0	11	11	11	0	0	0	0	0	0	12	12	12	0	0	0	0	0	0	0	11	11	11	11	11	0	0	0	0	0	0	0	0	0	11	0	0	0	8	0	0	11	11	0	0	0	0	12	12	12	12	0	0	0	0	0	0	11	11	0	0	0	0	0	0	0	0	0	0	0	0	0	0	0	0	8	0	0	0	0	0	0	0	6	13	11
	12	0	2	3	5	13	11	12	12	13	11	12	38	15	16	17	12	11	7	12	12	10	10	12	7	4	4	4	11	10	5	5	5	8	10	10	10	10	12	12	10	10	5	6	5	12	10	12	12	10	10	10	10	9	12	12	12	12	12	10	10	10	10	9	12	12	12	12	11	12	18	12	12	12	10	15	12	10	10	12	12	10	12	12	12	12	10	5	12	12	12	12	10	10	12	12	12	12	10	12	12	12	12	12	12	12	5	12	10	10	10	12	12	12	12	12	12	5	5	5	12	12	12	12	12	12	12	10	10	10	10	10	12	12	12	12	12	12	12	12	12	10	12	12	12	16	12	12	10	10	12	12	12	12	5	5	5	5	12	12	12	12	12	12	10	10	12	12	12	12	12	12	12	12	12	12	12	12	12	12	12	12	9	12	12	12	12	12	12	12	12	9	10
	13	2	0	4	6	15	12	12	12	14	11	14	39	17	16	18	13	12	8	13	13	11	11	13	8	6	6	6	12	11	7	7	7	9	11	11	11	11	13	13	11	11	7	7	6	13	11	13	13	11	11	11	11	11	12	13	13	13	13	11	11	11	11	9	13	13	13	13	12	13	18	13	13	13	11	17	13	11	11	13	13	11	13	13	13	13	11	7	13	13	13	13	11	11	13	13	13	13	11	13	13	13	13	13	13	13	7	13	11	11	11	13	13	13	13	13	13	7	7	7	13	13	13	13	13	13	13	11	11	11	11	11	13	13	13	13	13	13	13	13	13	11	13	13	13	18	13	13	11	11	13	13	13	13	7	7	7	7	13	13	13	13	13	13	11	11	13	13	13	13	13	13	13	13	13	13	13	13	13	13	13	13	9	13	13	13	13	13	13	13	13	10	11
	13	3	4	0	6	14	10	11	11	14	11	12	38	16	15	18	13	10	8	13	13	11	11	9	6	4	4	3	10	10	5	5	5	9	11	11	11	11	13	13	11	11	4	4	6	13	11	13	13	11	11	11	11	8	12	13	13	13	12	11	11	11	11	8	13	13	13	13	11	12	17	13	13	13	11	16	13	11	11	13	13	11	13	13	13	13	11	5	13	13	13	13	11	11	13	13	13	13	11	13	13	13	13	13	13	13	5	13	11	11	11	13	13	13	13	13	13	5	5	5	13	13	13	13	13	13	13	11	11	11	11	11	13	13	13	13	13	13	13	13	13	11	13	13	13	17	13	13	11	11	13	13	13	13	5	5	5	5	13	13	13	13	13	13	11	11	13	13	13	13	13	13	13	13	13	13	13	13	13	13	13	13	8	13	13	13	13	13	13	13	11	8	11
	14	5	6	6	0	11	9	9	8	12	9	11	38	18	13	15	9	9	4	14	14	8	8	12	9	8	7	8	13	8	3	3	3	5	8	8	8	8	14	14	8	8	8	6	0	14	8	14	14	8	8	8	8	8	10	14	14	14	9	8	8	8	8	6	14	14	14	14	9	10	17	14	14	14	8	15	14	8	8	14	14	8	14	14	14	14	8	3	14	14	14	14	8	8	14	14	14	14	8	14	14	14	14	14	14	14	3	14	8	8	8	14	14	14	14	14	14	3	3	3	14	14	14	14	14	14	14	8	8	8	8	8	14	14	14	14	14	14	14	14	14	8	14	14	14	15	14	14	8	8	14	14	14	14	3	3	3	3	14	14	14	14	14	14	8	8	14	14	14	14	14	14	14	14	14	14	14	14	14	14	14	14	6	14	14	14	14	14	14	14	9	11	8
	8	13	15	14	11	0	5	5	6	9	7	10	42	20	12	12	14	11	9	8	8	11	11	17	15	14	13	13	13	4	11	11	11	9	11	11	11	11	8	8	11	11	14	12	11	8	11	8	8	11	11	11	11	8	7	8	8	8	8	11	11	11	11	9	8	8	8	8	7	6	21	8	8	8	11	9	8	11	11	8	8	11	8	8	8	8	11	11	8	8	8	8	11	11	8	8	8	8	11	8	8	8	8	8	8	8	11	8	11	11	11	8	8	8	8	8	8	11	11	11	8	8	8	8	8	8	8	11	11	11	11	11	8	8	8	8	8	8	8	8	8	11	8	8	8	10	8	8	11	11	8	8	8	8	11	11	11	11	8	8	8	8	8	8	11	11	8	8	8	8	8	8	8	8	8	8	8	8	8	8	8	8	9	8	8	8	8	8	8	8	6	12	11
	9	11	12	10	9	5	0	6	7	10	8	11	43	20	12	13	13	12	7	9	9	9	9	13	12	12	11	12	11	1	8	8	8	8	9	9	9	9	9	9	9	9	13	10	9	9	9	9	9	9	9	9	9	7	10	9	9	9	10	9	9	9	9	8	9	9	9	9	4	3	23	9	9	9	9	10	9	9	9	9	9	9	9	9	9	9	9	8	9	9	9	9	9	9	9	9	9	9	9	9	9	9	9	9	9	9	8	9	9	9	9	9	9	9	9	9	9	8	8	8	9	9	9	9	9	9	9	9	9	9	9	9	9	9	9	9	9	9	9	9	9	9	9	9	9	12	9	9	9	9	9	9	9	9	8	8	8	8	9	9	9	9	9	9	9	9	9	9	9	9	9	9	9	9	9	9	9	9	9	9	9	9	8	9	9	9	9	9	9	9	6	11	9
	7	12	12	11	9	5	6	0	1	8	4	7	41	19	8	11	10	7	7	7	7	9	9	15	12	11	10	10	14	6	9	9	9	6	9	9	9	9	7	7	9	9	11	9	9	7	9	7	7	9	9	9	9	5	5	7	7	7	6	9	9	9	9	7	7	7	7	7	5	7	21	7	7	7	9	8	7	9	9	7	7	9	7	7	7	7	9	9	7	7	7	7	9	9	7	7	7	7	9	7	7	7	7	7	7	7	9	7	9	9	9	7	7	7	7	7	7	9	9	9	7	7	7	7	7	7	7	9	9	9	9	9	7	7	7	7	7	7	7	7	7	9	7	7	7	9	7	7	9	9	7	7	7	7	9	9	9	9	7	7	7	7	7	7	9	9	7	7	7	7	7	7	7	7	7	7	7	7	7	7	7	7	7	7	7	7	7	7	7	7	5	12	9
	7	12	12	11	8	6	7	1	0	7	4	7	42	18	8	11	10	7	7	7	7	9	9	15	12	11	10	10	13	6	9	9	9	6	9	9	9	9	7	7	9	9	11	9	8	7	9	7	7	9	9	9	9	5	6	7	7	7	7	9	9	9	9	6	7	7	7	7	5	7	22	7	7	7	9	8	7	9	9	7	7	9	7	7	7	7	9	9	7	7	7	7	9	9	7	7	7	7	9	7	7	7	7	7	7	7	9	7	9	9	9	7	7	7	7	7	7	9	9	9	7	7	7	7	7	7	7	9	9	9	9	9	7	7	7	7	7	7	7	7	7	9	7	7	7	9	7	7	9	9	7	7	7	7	9	9	9	9	7	7	7	7	7	7	9	9	7	7	7	7	7	7	7	7	7	7	7	7	7	7	7	7	6	7	7	7	7	7	7	7	5	13	9
	6	13	14	14	12	9	10	8	7	0	9	9	41	21	8	14	12	12	8	6	6	9	9	17	14	14	13	13	13	10	13	13	13	9	9	9	9	9	6	6	9	9	14	12	12	6	9	6	6	9	9	9	9	8	9	6	6	6	4	9	9	9	9	9	6	6	6	6	8	12	23	6	6	6	9	6	6	9	9	6	6	9	6	6	6	6	9	13	6	6	6	6	9	9	6	6	6	6	9	6	6	6	6	6	6	6	13	6	9	9	9	6	6	6	6	6	6	13	13	13	6	6	6	6	6	6	6	9	9	9	9	9	6	6	6	6	6	6	6	6	6	9	6	6	6	8	6	6	9	9	6	6	6	6	13	13	13	13	6	6	6	6	6	6	9	9	6	6	6	6	6	6	6	6	6	6	6	6	6	6	6	6	9	6	6	6	6	6	6	6	8	14	9
	6	11	11	11	9	7	8	4	4	9	0	6	43	20	6	13	10	7	6	6	6	9	9	14	13	12	11	12	15	8	9	9	9	6	9	9	9	9	6	6	9	9	12	11	9	6	9	6	6	9	9	9	9	7	3	6	6	6	5	9	9	9	9	6	6	6	6	6	5	9	22	6	6	6	9	9	6	9	9	6	6	9	6	6	6	6	9	9	6	6	6	6	9	9	6	6	6	6	9	6	6	6	6	6	6	6	9	6	9	9	9	6	6	6	6	6	6	9	9	9	6	6	6	6	6	6	6	9	9	9	9	9	6	6	6	6	6	6	6	6	6	9	6	6	6	7	6	6	9	9	6	6	6	6	9	9	9	9	6	6	6	6	6	6	9	9	6	6	6	6	6	6	6	6	6	6	6	6	6	6	6	6	6	6	6	6	6	6	6	6	7	11	9
	8	12	14	12	11	10	11	7	7	9	6	0	38	15	5	10	9	7	9	8	8	8	8	14	13	12	11	11	15	10	9	9	9	10	8	8	8	8	8	8	8	8	12	10	11	8	8	8	8	8	8	8	8	6	8	8	8	8	9	8	8	8	8	7	8	8	8	8	8	9	18	8	8	8	8	9	8	8	8	8	8	8	8	8	8	8	8	9	8	8	8	8	8	8	8	8	8	8	8	8	8	8	8	8	8	8	9	8	8	8	8	8	8	8	8	8	8	9	9	9	8	8	8	8	8	8	8	8	8	8	8	8	8	8	8	8	8	8	8	8	8	8	8	8	8	8	8	8	8	8	8	8	8	8	9	9	9	9	8	8	8	8	8	8	8	8	8	8	8	8	8	8	8	8	8	8	8	8	8	8	8	8	7	8	8	8	8	8	8	8	6	13	8
	40	38	39	38	38	42	43	41	42	41	43	38	0	31	40	36	41	38	40	40	40	43	43	45	44	40	39	39	45	43	39	39	39	41	43	43	43	43	40	40	43	43	40	38	38	40	43	40	40	43	43	43	43	41	43	40	40	40	41	43	43	43	43	42	40	40	40	40	41	45	29	40	40	40	43	39	40	43	43	40	40	43	40	40	40	40	43	39	40	40	40	40	43	43	40	40	40	40	43	40	40	40	40	40	40	40	39	40	43	43	43	40	40	40	40	40	40	39	39	39	40	40	40	40	40	40	40	43	43	43	43	43	40	40	40	40	40	40	40	40	40	43	40	40	40	37	40	40	43	43	40	40	40	40	39	39	39	39	40	40	40	40	40	40	43	43	40	40	40	40	40	40	40	40	40	40	40	40	40	40	40	40	42	40	40	40	40	40	40	40	42	43	43
	17	15	17	16	18	20	20	19	18	21	20	15	31	0	15	13	16	19	21	17	17	20	20	24	21	17	16	16	24	19	18	18	18	21	20	20	20	20	17	17	20	20	17	17	18	17	20	17	17	20	20	20	20	17	20	17	17	17	20	20	20	20	20	19	17	17	17	17	19	21	7	17	17	17	20	15	17	20	20	17	17	20	17	17	17	17	20	18	17	17	17	17	20	20	17	17	17	17	20	17	17	17	17	17	17	17	18	17	20	20	20	17	17	17	17	17	17	18	18	18	17	17	17	17	17	17	17	20	20	20	20	20	17	17	17	17	17	17	17	17	17	20	17	17	17	14	17	17	20	20	17	17	17	17	18	18	18	18	17	17	17	17	17	17	20	20	17	17	17	17	17	17	17	17	17	17	17	17	17	17	17	17	19	17	17	17	17	17	17	17	19	20	20
	8	16	16	15	13	12	12	8	8	8	6	5	40	15	0	9	9	9	11	8	8	11	11	19	16	15	14	14	17	11	14	14	14	12	11	11	11	11	8	8	11	11	15	14	13	8	11	8	8	11	11	11	11	11	8	8	8	8	8	11	11	11	11	10	8	8	8	8	9	13	19	8	8	8	11	5	8	11	11	8	8	11	8	8	8	8	11	14	8	8	8	8	11	11	8	8	8	8	11	8	8	8	8	8	8	8	14	8	11	11	11	8	8	8	8	8	8	14	14	14	8	8	8	8	8	8	8	11	11	11	11	11	8	8	8	8	8	8	8	8	8	11	8	8	8	4	8	8	11	11	8	8	8	8	14	14	14	14	8	8	8	8	8	8	11	11	8	8	8	8	8	8	8	8	8	8	8	8	8	8	8	8	10	8	8	8	8	8	8	8	6	17	11
	14	17	18	18	15	12	13	11	11	14	13	10	36	13	9	0	10	12	12	14	14	14	14	20	19	18	17	18	17	13	15	15	15	13	14	14	14	14	14	14	14	14	18	17	15	14	14	14	14	14	14	14	14	13	13	14	14	14	10	14	14	14	14	12	14	14	14	14	11	15	17	14	14	14	14	12	14	14	14	14	14	14	14	14	14	14	14	15	14	14	14	14	14	14	14	14	14	14	14	14	14	14	14	14	14	14	15	14	14	14	14	14	14	14	14	14	14	15	15	15	14	14	14	14	14	14	14	14	14	14	14	14	14	14	14	14	14	14	14	14	14	14	14	14	14	10	14	14	14	14	14	14	14	14	15	15	15	15	14	14	14	14	14	14	14	14	14	14	14	14	14	14	14	14	14	14	14	14	14	14	14	14	12	14	14	14	14	14	14	14	12	17	14
	11	12	13	13	9	14	13	10	10	12	10	9	41	16	9	10	0	3	8	11	11	11	11	18	16	14	13	12	17	12	12	12	12	9	11	11	11	11	11	11	11	11	13	12	9	11	11	11	11	11	11	11	11	11	11	11	11	11	12	11	11	11	11	9	11	11	11	11	12	13	20	11	11	11	11	14	11	11	11	11	11	11	11	11	11	11	11	12	11	11	11	11	11	11	11	11	11	11	11	11	11	11	11	11	11	11	12	11	11	11	11	11	11	11	11	11	11	12	12	12	11	11	11	11	11	11	11	11	11	11	11	11	11	11	11	11	11	11	11	11	11	11	11	11	11	12	11	11	11	11	11	11	11	11	12	12	12	12	11	11	11	11	11	11	11	11	11	11	11	11	11	11	11	11	11	11	11	11	11	11	11	11	9	11	11	11	11	11	11	11	11	16	11
	9	11	12	10	9	11	12	7	7	12	7	7	38	19	9	12	3	0	5	9	9	8	8	16	13	12	11	11	16	11	11	11	11	6	8	8	8	8	9	9	8	8	12	10	9	9	8	9	9	8	8	8	8	10	8	9	9	9	9	8	8	8	8	7	9	9	9	9	11	12	17	9	9	9	8	12	9	8	8	9	9	8	9	9	9	9	8	11	9	9	9	9	8	8	9	9	9	9	8	9	9	9	9	9	9	9	11	9	8	8	8	9	9	9	9	9	9	11	11	11	9	9	9	9	9	9	9	8	8	8	8	8	9	9	9	9	9	9	9	9	9	8	9	9	9	11	9	9	8	8	9	9	9	9	11	11	11	11	9	9	9	9	9	9	8	8	9	9	9	9	9	9	9	9	9	9	9	9	9	9	9	9	7	9	9	9	9	9	9	9	11	14	8
	10	7	8	8	4	9	7	7	7	8	6	9	40	21	11	12	8	5	0	10	10	5	5	11	8	7	6	7	11	7	6	6	6	1	5	5	5	5	10	10	5	5	7	6	4	10	5	10	10	5	5	5	5	7	6	10	10	10	8	5	5	5	5	4	10	10	10	10	8	9	19	10	10	10	5	12	10	5	5	10	10	5	10	10	10	10	5	6	10	10	10	10	5	5	10	10	10	10	5	10	10	10	10	10	10	10	6	10	5	5	5	10	10	10	10	10	10	6	6	6	10	10	10	10	10	10	10	5	5	5	5	5	10	10	10	10	10	10	10	10	10	5	10	10	10	11	10	10	5	5	10	10	10	10	6	6	6	6	10	10	10	10	10	10	5	5	10	10	10	10	10	10	10	10	10	10	10	10	10	10	10	10	4	10	10	10	10	10	10	10	8	9	5
	0	12	13	13	14	8	9	7	7	6	6	8	40	17	8	14	11	9	10	0	0	11	11	18	13	13	12	14	12	9	12	12	12	11	11	11	11	11	0	0	11	11	13	11	14	0	11	0	0	11	11	11	11	10	8	0	0	0	6	11	11	11	11	8	0	0	0	0	7	11	21	0	0	0	11	8	0	11	11	0	0	11	0	0	0	0	11	12	0	0	0	0	11	11	0	0	0	0	11	0	0	0	0	0	0	0	12	0	11	11	11	0	0	0	0	0	0	12	12	12	0	0	0	0	0	0	0	11	11	11	11	11	0	0	0	0	0	0	0	0	0	11	0	0	0	8	0	0	11	11	0	0	0	0	12	12	12	12	0	0	0	0	0	0	11	11	0	0	0	0	0	0	0	0	0	0	0	0	0	0	0	0	8	0	0	0	0	0	0	0	6	13	11
	0	12	13	13	14	8	9	7	7	6	6	8	40	17	8	14	11	9	10	0	0	11	11	18	13	13	12	14	12	9	12	12	12	11	11	11	11	11	0	0	11	11	13	11	14	0	11	0	0	11	11	11	11	10	8	0	0	0	6	11	11	11	11	8	0	0	0	0	7	11	21	0	0	0	11	8	0	11	11	0	0	11	0	0	0	0	11	12	0	0	0	0	11	11	0	0	0	0	11	0	0	0	0	0	0	0	12	0	11	11	11	0	0	0	0	0	0	12	12	12	0	0	0	0	0	0	0	11	11	11	11	11	0	0	0	0	0	0	0	0	0	11	0	0	0	8	0	0	11	11	0	0	0	0	12	12	12	12	0	0	0	0	0	0	11	11	0	0	0	0	0	0	0	0	0	0	0	0	0	0	0	0	8	0	0	0	0	0	0	0	6	13	11
	11	10	11	11	8	11	9	9	9	9	9	8	43	20	11	14	11	8	5	11	11	0	0	14	9	9	8	10	12	8	8	8	8	6	0	0	0	0	11	11	0	0	9	7	8	11	0	11	11	0	0	0	0	7	10	11	11	11	9	0	0	0	0	3	11	11	11	11	9	9	23	11	11	11	0	11	11	0	0	11	11	0	11	11	11	11	0	8	11	11	11	11	0	0	11	11	11	11	0	11	11	11	11	11	11	11	8	11	0	0	0	11	11	11	11	11	11	8	8	8	11	11	11	11	11	11	11	0	0	0	0	0	11	11	11	11	11	11	11	11	11	0	11	11	11	12	11	11	0	0	11	11	11	11	8	8	8	8	11	11	11	11	11	11	0	0	11	11	11	11	11	11	11	11	11	11	11	11	11	11	11	11	3	11	11	11	11	11	11	11	9	11	0
	11	10	11	11	8	11	9	9	9	9	9	8	43	20	11	14	11	8	5	11	11	0	0	14	9	9	8	10	12	8	8	8	8	6	0	0	0	0	11	11	0	0	9	7	8	11	0	11	11	0	0	0	0	7	10	11	11	11	9	0	0	0	0	3	11	11	11	11	9	9	23	11	11	11	0	11	11	0	0	11	11	0	11	11	11	11	0	8	11	11	11	11	0	0	11	11	11	11	0	11	11	11	11	11	11	11	8	11	0	0	0	11	11	11	11	11	11	8	8	8	11	11	11	11	11	11	11	0	0	0	0	0	11	11	11	11	11	11	11	11	11	0	11	11	11	12	11	11	0	0	11	11	11	11	8	8	8	8	11	11	11	11	11	11	0	0	11	11	11	11	11	11	11	11	11	11	11	11	11	11	11	11	3	11	11	11	11	11	11	11	9	11	0
	18	12	13	9	12	17	13	15	15	17	14	14	45	24	19	20	18	16	11	18	18	14	14	0	8	9	8	10	7	13	12	12	12	11	14	14	14	14	18	18	14	14	10	11	12	18	14	18	18	14	14	14	14	12	15	18	18	18	16	14	14	14	14	11	18	18	18	18	12	15	24	18	18	18	14	19	18	14	14	18	18	14	18	18	18	18	14	12	18	18	18	18	14	14	18	18	18	18	14	18	18	18	18	18	18	18	12	18	14	14	14	18	18	18	18	18	18	12	12	12	18	18	18	18	18	18	18	14	14	14	14	14	18	18	18	18	18	18	18	18	18	14	18	18	18	20	18	18	14	14	18	18	18	18	12	12	12	12	18	18	18	18	18	18	14	14	18	18	18	18	18	18	18	18	18	18	18	18	18	18	18	18	11	18	18	18	18	18	18	18	16	6	14
	13	7	8	6	9	15	12	12	12	14	13	13	44	21	16	19	16	13	8	13	13	9	9	8	0	5	5	7	9	11	7	7	7	9	9	9	9	9	13	13	9	9	7	9	9	13	9	13	13	9	9	9	9	11	13	13	13	13	14	9	9	9	9	9	13	13	13	13	11	13	23	13	13	13	9	18	13	9	9	13	13	9	13	13	13	13	9	7	13	13	13	13	9	9	13	13	13	13	9	13	13	13	13	13	13	13	7	13	9	9	9	13	13	13	13	13	13	7	7	7	13	13	13	13	13	13	13	9	9	9	9	9	13	13	13	13	13	13	13	13	13	9	13	13	13	19	13	13	9	9	13	13	13	13	7	7	7	7	13	13	13	13	13	13	9	9	13	13	13	13	13	13	13	13	13	13	13	13	13	13	13	13	9	13	13	13	13	13	13	13	12	8	9
	13	4	6	4	8	14	12	11	11	14	12	12	40	17	15	18	14	12	7	13	13	9	9	9	5	0	1	3	9	11	7	7	7	8	9	9	9	9	13	13	9	9	3	6	8	13	9	13	13	9	9	9	9	8	13	13	13	13	13	9	9	9	9	8	13	13	13	13	10	13	19	13	13	13	9	16	13	9	9	13	13	9	13	13	13	13	9	7	13	13	13	13	9	9	13	13	13	13	9	13	13	13	13	13	13	13	7	13	9	9	9	13	13	13	13	13	13	7	7	7	13	13	13	13	13	13	13	9	9	9	9	9	13	13	13	13	13	13	13	13	13	9	13	13	13	17	13	13	9	9	13	13	13	13	7	7	7	7	13	13	13	13	13	13	9	9	13	13	13	13	13	13	13	13	13	13	13	13	13	13	13	13	8	13	13	13	13	13	13	13	11	7	9
	12	4	6	4	7	13	11	10	10	13	11	11	39	16	14	17	13	11	6	12	12	8	8	8	5	1	0	2	8	10	6	6	6	7	8	8	8	8	12	12	8	8	2	5	7	12	8	12	12	8	8	8	8	7	12	12	12	12	12	8	8	8	8	7	12	12	12	12	9	12	18	12	12	12	8	15	12	8	8	12	12	8	12	12	12	12	8	6	12	12	12	12	8	8	12	12	12	12	8	12	12	12	12	12	12	12	6	12	8	8	8	12	12	12	12	12	12	6	6	6	12	12	12	12	12	12	12	8	8	8	8	8	12	12	12	12	12	12	12	12	12	8	12	12	12	16	12	12	8	8	12	12	12	12	6	6	6	6	12	12	12	12	12	12	8	8	12	12	12	12	12	12	12	12	12	12	12	12	12	12	12	12	7	12	12	12	12	12	12	12	10	6	8
	14	4	6	3	8	13	12	10	10	13	12	11	39	16	14	18	12	11	7	14	14	10	10	10	7	3	2	0	9	11	6	6	6	8	10	10	10	10	14	14	10	10	1	5	8	14	10	14	14	10	10	10	10	7	13	14	14	14	13	10	10	10	10	8	14	14	14	14	10	12	20	14	14	14	10	15	14	10	10	14	14	10	14	14	14	14	10	6	14	14	14	14	10	10	14	14	14	14	10	14	14	14	14	14	14	14	6	14	10	10	10	14	14	14	14	14	14	6	6	6	14	14	14	14	14	14	14	10	10	10	10	10	14	14	14	14	14	14	14	14	14	10	14	14	14	16	14	14	10	10	14	14	14	14	6	6	6	6	14	14	14	14	14	14	10	10	14	14	14	14	14	14	14	14	14	14	14	14	14	14	14	14	8	14	14	14	14	14	14	14	10	7	10
	12	11	12	10	13	13	11	14	13	13	15	15	45	24	17	17	17	16	11	12	12	12	12	7	9	9	8	9	0	10	11	11	11	12	12	12	12	12	12	12	12	12	10	13	13	12	12	12	12	12	12	12	12	12	13	12	12	12	13	12	12	12	12	11	12	12	12	12	11	12	24	12	12	12	12	14	12	12	12	12	12	12	12	12	12	12	12	11	12	12	12	12	12	12	12	12	12	12	12	12	12	12	12	12	12	12	11	12	12	12	12	12	12	12	12	12	12	11	11	11	12	12	12	12	12	12	12	12	12	12	12	12	12	12	12	12	12	12	12	12	12	12	12	12	12	16	12	12	12	12	12	12	12	12	11	11	11	11	12	12	12	12	12	12	12	12	12	12	12	12	12	12	12	12	12	12	12	12	12	12	12	12	11	12	12	12	12	12	12	12	14	5	12
	9	10	11	10	8	4	1	6	6	10	8	10	43	19	11	13	12	11	7	9	9	8	8	13	11	11	10	11	10	0	7	7	7	8	8	8	8	8	9	9	8	8	12	9	8	9	8	9	9	8	8	8	8	7	10	9	9	9	9	8	8	8	8	7	9	9	9	9	3	2	23	9	9	9	8	10	9	8	8	9	9	8	9	9	9	9	8	7	9	9	9	9	8	8	9	9	9	9	8	9	9	9	9	9	9	9	7	9	8	8	8	9	9	9	9	9	9	7	7	7	9	9	9	9	9	9	9	8	8	8	8	8	9	9	9	9	9	9	9	9	9	8	9	9	9	11	9	9	8	8	9	9	9	9	7	7	7	7	9	9	9	9	9	9	8	8	9	9	9	9	9	9	9	9	9	9	9	9	9	9	9	9	7	9	9	9	9	9	9	9	5	10	8
	12	5	7	5	3	11	8	9	9	13	9	9	39	18	14	15	12	11	6	12	12	8	8	12	7	7	6	6	11	7	0	0	0	7	8	8	8	8	12	12	8	8	7	3	3	12	8	12	12	8	8	8	8	7	11	12	12	12	10	8	8	8	8	5	12	12	12	12	8	9	18	12	12	12	8	13	12	8	8	12	12	8	12	12	12	12	8	0	12	12	12	12	8	8	12	12	12	12	8	12	12	12	12	12	12	12	0	12	8	8	8	12	12	12	12	12	12	0	0	0	12	12	12	12	12	12	12	8	8	8	8	8	12	12	12	12	12	12	12	12	12	8	12	12	12	15	12	12	8	8	12	12	12	12	0	0	0	0	12	12	12	12	12	12	8	8	12	12	12	12	12	12	12	12	12	12	12	12	12	12	12	12	5	12	12	12	12	12	12	12	11	9	8
	12	5	7	5	3	11	8	9	9	13	9	9	39	18	14	15	12	11	6	12	12	8	8	12	7	7	6	6	11	7	0	0	0	7	8	8	8	8	12	12	8	8	7	3	3	12	8	12	12	8	8	8	8	7	11	12	12	12	10	8	8	8	8	5	12	12	12	12	8	9	18	12	12	12	8	13	12	8	8	12	12	8	12	12	12	12	8	0	12	12	12	12	8	8	12	12	12	12	8	12	12	12	12	12	12	12	0	12	8	8	8	12	12	12	12	12	12	0	0	0	12	12	12	12	12	12	12	8	8	8	8	8	12	12	12	12	12	12	12	12	12	8	12	12	12	15	12	12	8	8	12	12	12	12	0	0	0	0	12	12	12	12	12	12	8	8	12	12	12	12	12	12	12	12	12	12	12	12	12	12	12	12	5	12	12	12	12	12	12	12	11	9	8
	12	5	7	5	3	11	8	9	9	13	9	9	39	18	14	15	12	11	6	12	12	8	8	12	7	7	6	6	11	7	0	0	0	7	8	8	8	8	12	12	8	8	7	3	3	12	8	12	12	8	8	8	8	7	11	12	12	12	10	8	8	8	8	5	12	12	12	12	8	9	18	12	12	12	8	13	12	8	8	12	12	8	12	12	12	12	8	0	12	12	12	12	8	8	12	12	12	12	8	12	12	12	12	12	12	12	0	12	8	8	8	12	12	12	12	12	12	0	0	0	12	12	12	12	12	12	12	8	8	8	8	8	12	12	12	12	12	12	12	12	12	8	12	12	12	15	12	12	8	8	12	12	12	12	0	0	0	0	12	12	12	12	12	12	8	8	12	12	12	12	12	12	12	12	12	12	12	12	12	12	12	12	5	12	12	12	12	12	12	12	11	9	8
	11	8	9	9	5	9	8	6	6	9	6	10	41	21	12	13	9	6	1	11	11	6	6	11	9	8	7	8	12	8	7	7	7	0	6	6	6	6	11	11	6	6	8	7	5	11	6	11	11	6	6	6	6	8	7	11	11	11	8	6	6	6	6	5	11	11	11	11	8	10	20	11	11	11	6	13	11	6	6	11	11	6	11	11	11	11	6	7	11	11	11	11	6	6	11	11	11	11	6	11	11	11	11	11	11	11	7	11	6	6	6	11	11	11	11	11	11	7	7	7	11	11	11	11	11	11	11	6	6	6	6	6	11	11	11	11	11	11	11	11	11	6	11	11	11	12	11	11	6	6	11	11	11	11	7	7	7	7	11	11	11	11	11	11	6	6	11	11	11	11	11	11	11	11	11	11	11	11	11	11	11	11	5	11	11	11	11	11	11	11	9	10	6
	11	10	11	11	8	11	9	9	9	9	9	8	43	20	11	14	11	8	5	11	11	0	0	14	9	9	8	10	12	8	8	8	8	6	0	0	0	0	11	11	0	0	9	7	8	11	0	11	11	0	0	0	0	7	10	11	11	11	9	0	0	0	0	3	11	11	11	11	9	9	23	11	11	11	0	11	11	0	0	11	11	0	11	11	11	11	0	8	11	11	11	11	0	0	11	11	11	11	0	11	11	11	11	11	11	11	8	11	0	0	0	11	11	11	11	11	11	8	8	8	11	11	11	11	11	11	11	0	0	0	0	0	11	11	11	11	11	11	11	11	11	0	11	11	11	12	11	11	0	0	11	11	11	11	8	8	8	8	11	11	11	11	11	11	0	0	11	11	11	11	11	11	11	11	11	11	11	11	11	11	11	11	3	11	11	11	11	11	11	11	9	11	0
	11	10	11	11	8	11	9	9	9	9	9	8	43	20	11	14	11	8	5	11	11	0	0	14	9	9	8	10	12	8	8	8	8	6	0	0	0	0	11	11	0	0	9	7	8	11	0	11	11	0	0	0	0	7	10	11	11	11	9	0	0	0	0	3	11	11	11	11	9	9	23	11	11	11	0	11	11	0	0	11	11	0	11	11	11	11	0	8	11	11	11	11	0	0	11	11	11	11	0	11	11	11	11	11	11	11	8	11	0	0	0	11	11	11	11	11	11	8	8	8	11	11	11	11	11	11	11	0	0	0	0	0	11	11	11	11	11	11	11	11	11	0	11	11	11	12	11	11	0	0	11	11	11	11	8	8	8	8	11	11	11	11	11	11	0	0	11	11	11	11	11	11	11	11	11	11	11	11	11	11	11	11	3	11	11	11	11	11	11	11	9	11	0
	11	10	11	11	8	11	9	9	9	9	9	8	43	20	11	14	11	8	5	11	11	0	0	14	9	9	8	10	12	8	8	8	8	6	0	0	0	0	11	11	0	0	9	7	8	11	0	11	11	0	0	0	0	7	10	11	11	11	9	0	0	0	0	3	11	11	11	11	9	9	23	11	11	11	0	11	11	0	0	11	11	0	11	11	11	11	0	8	11	11	11	11	0	0	11	11	11	11	0	11	11	11	11	11	11	11	8	11	0	0	0	11	11	11	11	11	11	8	8	8	11	11	11	11	11	11	11	0	0	0	0	0	11	11	11	11	11	11	11	11	11	0	11	11	11	12	11	11	0	0	11	11	11	11	8	8	8	8	11	11	11	11	11	11	0	0	11	11	11	11	11	11	11	11	11	11	11	11	11	11	11	11	3	11	11	11	11	11	11	11	9	11	0
	11	10	11	11	8	11	9	9	9	9	9	8	43	20	11	14	11	8	5	11	11	0	0	14	9	9	8	10	12	8	8	8	8	6	0	0	0	0	11	11	0	0	9	7	8	11	0	11	11	0	0	0	0	7	10	11	11	11	9	0	0	0	0	3	11	11	11	11	9	9	23	11	11	11	0	11	11	0	0	11	11	0	11	11	11	11	0	8	11	11	11	11	0	0	11	11	11	11	0	11	11	11	11	11	11	11	8	11	0	0	0	11	11	11	11	11	11	8	8	8	11	11	11	11	11	11	11	0	0	0	0	0	11	11	11	11	11	11	11	11	11	0	11	11	11	12	11	11	0	0	11	11	11	11	8	8	8	8	11	11	11	11	11	11	0	0	11	11	11	11	11	11	11	11	11	11	11	11	11	11	11	11	3	11	11	11	11	11	11	11	9	11	0
	0	12	13	13	14	8	9	7	7	6	6	8	40	17	8	14	11	9	10	0	0	11	11	18	13	13	12	14	12	9	12	12	12	11	11	11	11	11	0	0	11	11	13	11	14	0	11	0	0	11	11	11	11	10	8	0	0	0	6	11	11	11	11	8	0	0	0	0	7	11	21	0	0	0	11	8	0	11	11	0	0	11	0	0	0	0	11	12	0	0	0	0	11	11	0	0	0	0	11	0	0	0	0	0	0	0	12	0	11	11	11	0	0	0	0	0	0	12	12	12	0	0	0	0	0	0	0	11	11	11	11	11	0	0	0	0	0	0	0	0	0	11	0	0	0	8	0	0	11	11	0	0	0	0	12	12	12	12	0	0	0	0	0	0	11	11	0	0	0	0	0	0	0	0	0	0	0	0	0	0	0	0	8	0	0	0	0	0	0	0	6	13	11
	0	12	13	13	14	8	9	7	7	6	6	8	40	17	8	14	11	9	10	0	0	11	11	18	13	13	12	14	12	9	12	12	12	11	11	11	11	11	0	0	11	11	13	11	14	0	11	0	0	11	11	11	11	10	8	0	0	0	6	11	11	11	11	8	0	0	0	0	7	11	21	0	0	0	11	8	0	11	11	0	0	11	0	0	0	0	11	12	0	0	0	0	11	11	0	0	0	0	11	0	0	0	0	0	0	0	12	0	11	11	11	0	0	0	0	0	0	12	12	12	0	0	0	0	0	0	0	11	11	11	11	11	0	0	0	0	0	0	0	0	0	11	0	0	0	8	0	0	11	11	0	0	0	0	12	12	12	12	0	0	0	0	0	0	11	11	0	0	0	0	0	0	0	0	0	0	0	0	0	0	0	0	8	0	0	0	0	0	0	0	6	13	11
	11	10	11	11	8	11	9	9	9	9	9	8	43	20	11	14	11	8	5	11	11	0	0	14	9	9	8	10	12	8	8	8	8	6	0	0	0	0	11	11	0	0	9	7	8	11	0	11	11	0	0	0	0	7	10	11	11	11	9	0	0	0	0	3	11	11	11	11	9	9	23	11	11	11	0	11	11	0	0	11	11	0	11	11	11	11	0	8	11	11	11	11	0	0	11	11	11	11	0	11	11	11	11	11	11	11	8	11	0	0	0	11	11	11	11	11	11	8	8	8	11	11	11	11	11	11	11	0	0	0	0	0	11	11	11	11	11	11	11	11	11	0	11	11	11	12	11	11	0	0	11	11	11	11	8	8	8	8	11	11	11	11	11	11	0	0	11	11	11	11	11	11	11	11	11	11	11	11	11	11	11	11	3	11	11	11	11	11	11	11	9	11	0
	11	10	11	11	8	11	9	9	9	9	9	8	43	20	11	14	11	8	5	11	11	0	0	14	9	9	8	10	12	8	8	8	8	6	0	0	0	0	11	11	0	0	9	7	8	11	0	11	11	0	0	0	0	7	10	11	11	11	9	0	0	0	0	3	11	11	11	11	9	9	23	11	11	11	0	11	11	0	0	11	11	0	11	11	11	11	0	8	11	11	11	11	0	0	11	11	11	11	0	11	11	11	11	11	11	11	8	11	0	0	0	11	11	11	11	11	11	8	8	8	11	11	11	11	11	11	11	0	0	0	0	0	11	11	11	11	11	11	11	11	11	0	11	11	11	12	11	11	0	0	11	11	11	11	8	8	8	8	11	11	11	11	11	11	0	0	11	11	11	11	11	11	11	11	11	11	11	11	11	11	11	11	3	11	11	11	11	11	11	11	9	11	0
	13	5	7	4	8	14	13	11	11	14	12	12	40	17	15	18	13	12	7	13	13	9	9	10	7	3	2	1	10	12	7	7	7	8	9	9	9	9	13	13	9	9	0	6	8	13	9	13	13	9	9	9	9	8	13	13	13	13	13	9	9	9	9	7	13	13	13	13	11	13	20	13	13	13	9	16	13	9	9	13	13	9	13	13	13	13	9	7	13	13	13	13	9	9	13	13	13	13	9	13	13	13	13	13	13	13	7	13	9	9	9	13	13	13	13	13	13	7	7	7	13	13	13	13	13	13	13	9	9	9	9	9	13	13	13	13	13	13	13	13	13	9	13	13	13	17	13	13	9	9	13	13	13	13	7	7	7	7	13	13	13	13	13	13	9	9	13	13	13	13	13	13	13	13	13	13	13	13	13	13	13	13	7	13	13	13	13	13	13	13	11	8	9
	11	6	7	4	6	12	10	9	9	12	11	10	38	17	14	17	12	10	6	11	11	7	7	11	9	6	5	5	13	9	3	3	3	7	7	7	7	7	11	11	7	7	6	0	6	11	7	11	11	7	7	7	7	6	12	11	11	11	12	7	7	7	7	6	11	11	11	11	9	11	17	11	11	11	7	14	11	7	7	11	11	7	11	11	11	11	7	3	11	11	11	11	7	7	11	11	11	11	7	11	11	11	11	11	11	11	3	11	7	7	7	11	11	11	11	11	11	3	3	3	11	11	11	11	11	11	11	7	7	7	7	7	11	11	11	11	11	11	11	11	11	7	11	11	11	15	11	11	7	7	11	11	11	11	3	3	3	3	11	11	11	11	11	11	7	7	11	11	11	11	11	11	11	11	11	11	11	11	11	11	11	11	6	11	11	11	11	11	11	11	9	8	7
	14	5	6	6	0	11	9	9	8	12	9	11	38	18	13	15	9	9	4	14	14	8	8	12	9	8	7	8	13	8	3	3	3	5	8	8	8	8	14	14	8	8	8	6	0	14	8	14	14	8	8	8	8	8	10	14	14	14	9	8	8	8	8	6	14	14	14	14	9	10	17	14	14	14	8	15	14	8	8	14	14	8	14	14	14	14	8	3	14	14	14	14	8	8	14	14	14	14	8	14	14	14	14	14	14	14	3	14	8	8	8	14	14	14	14	14	14	3	3	3	14	14	14	14	14	14	14	8	8	8	8	8	14	14	14	14	14	14	14	14	14	8	14	14	14	15	14	14	8	8	14	14	14	14	3	3	3	3	14	14	14	14	14	14	8	8	14	14	14	14	14	14	14	14	14	14	14	14	14	14	14	14	6	14	14	14	14	14	14	14	9	11	8
	0	12	13	13	14	8	9	7	7	6	6	8	40	17	8	14	11	9	10	0	0	11	11	18	13	13	12	14	12	9	12	12	12	11	11	11	11	11	0	0	11	11	13	11	14	0	11	0	0	11	11	11	11	10	8	0	0	0	6	11	11	11	11	8	0	0	0	0	7	11	21	0	0	0	11	8	0	11	11	0	0	11	0	0	0	0	11	12	0	0	0	0	11	11	0	0	0	0	11	0	0	0	0	0	0	0	12	0	11	11	11	0	0	0	0	0	0	12	12	12	0	0	0	0	0	0	0	11	11	11	11	11	0	0	0	0	0	0	0	0	0	11	0	0	0	8	0	0	11	11	0	0	0	0	12	12	12	12	0	0	0	0	0	0	11	11	0	0	0	0	0	0	0	0	0	0	0	0	0	0	0	0	8	0	0	0	0	0	0	0	6	13	11
	11	10	11	11	8	11	9	9	9	9	9	8	43	20	11	14	11	8	5	11	11	0	0	14	9	9	8	10	12	8	8	8	8	6	0	0	0	0	11	11	0	0	9	7	8	11	0	11	11	0	0	0	0	7	10	11	11	11	9	0	0	0	0	3	11	11	11	11	9	9	23	11	11	11	0	11	11	0	0	11	11	0	11	11	11	11	0	8	11	11	11	11	0	0	11	11	11	11	0	11	11	11	11	11	11	11	8	11	0	0	0	11	11	11	11	11	11	8	8	8	11	11	11	11	11	11	11	0	0	0	0	0	11	11	11	11	11	11	11	11	11	0	11	11	11	12	11	11	0	0	11	11	11	11	8	8	8	8	11	11	11	11	11	11	0	0	11	11	11	11	11	11	11	11	11	11	11	11	11	11	11	11	3	11	11	11	11	11	11	11	9	11	0
	0	12	13	13	14	8	9	7	7	6	6	8	40	17	8	14	11	9	10	0	0	11	11	18	13	13	12	14	12	9	12	12	12	11	11	11	11	11	0	0	11	11	13	11	14	0	11	0	0	11	11	11	11	10	8	0	0	0	6	11	11	11	11	8	0	0	0	0	7	11	21	0	0	0	11	8	0	11	11	0	0	11	0	0	0	0	11	12	0	0	0	0	11	11	0	0	0	0	11	0	0	0	0	0	0	0	12	0	11	11	11	0	0	0	0	0	0	12	12	12	0	0	0	0	0	0	0	11	11	11	11	11	0	0	0	0	0	0	0	0	0	11	0	0	0	8	0	0	11	11	0	0	0	0	12	12	12	12	0	0	0	0	0	0	11	11	0	0	0	0	0	0	0	0	0	0	0	0	0	0	0	0	8	0	0	0	0	0	0	0	6	13	11
	0	12	13	13	14	8	9	7	7	6	6	8	40	17	8	14	11	9	10	0	0	11	11	18	13	13	12	14	12	9	12	12	12	11	11	11	11	11	0	0	11	11	13	11	14	0	11	0	0	11	11	11	11	10	8	0	0	0	6	11	11	11	11	8	0	0	0	0	7	11	21	0	0	0	11	8	0	11	11	0	0	11	0	0	0	0	11	12	0	0	0	0	11	11	0	0	0	0	11	0	0	0	0	0	0	0	12	0	11	11	11	0	0	0	0	0	0	12	12	12	0	0	0	0	0	0	0	11	11	11	11	11	0	0	0	0	0	0	0	0	0	11	0	0	0	8	0	0	11	11	0	0	0	0	12	12	12	12	0	0	0	0	0	0	11	11	0	0	0	0	0	0	0	0	0	0	0	0	0	0	0	0	8	0	0	0	0	0	0	0	6	13	11
	11	10	11	11	8	11	9	9	9	9	9	8	43	20	11	14	11	8	5	11	11	0	0	14	9	9	8	10	12	8	8	8	8	6	0	0	0	0	11	11	0	0	9	7	8	11	0	11	11	0	0	0	0	7	10	11	11	11	9	0	0	0	0	3	11	11	11	11	9	9	23	11	11	11	0	11	11	0	0	11	11	0	11	11	11	11	0	8	11	11	11	11	0	0	11	11	11	11	0	11	11	11	11	11	11	11	8	11	0	0	0	11	11	11	11	11	11	8	8	8	11	11	11	11	11	11	11	0	0	0	0	0	11	11	11	11	11	11	11	11	11	0	11	11	11	12	11	11	0	0	11	11	11	11	8	8	8	8	11	11	11	11	11	11	0	0	11	11	11	11	11	11	11	11	11	11	11	11	11	11	11	11	3	11	11	11	11	11	11	11	9	11	0
	11	10	11	11	8	11	9	9	9	9	9	8	43	20	11	14	11	8	5	11	11	0	0	14	9	9	8	10	12	8	8	8	8	6	0	0	0	0	11	11	0	0	9	7	8	11	0	11	11	0	0	0	0	7	10	11	11	11	9	0	0	0	0	3	11	11	11	11	9	9	23	11	11	11	0	11	11	0	0	11	11	0	11	11	11	11	0	8	11	11	11	11	0	0	11	11	11	11	0	11	11	11	11	11	11	11	8	11	0	0	0	11	11	11	11	11	11	8	8	8	11	11	11	11	11	11	11	0	0	0	0	0	11	11	11	11	11	11	11	11	11	0	11	11	11	12	11	11	0	0	11	11	11	11	8	8	8	8	11	11	11	11	11	11	0	0	11	11	11	11	11	11	11	11	11	11	11	11	11	11	11	11	3	11	11	11	11	11	11	11	9	11	0
	11	10	11	11	8	11	9	9	9	9	9	8	43	20	11	14	11	8	5	11	11	0	0	14	9	9	8	10	12	8	8	8	8	6	0	0	0	0	11	11	0	0	9	7	8	11	0	11	11	0	0	0	0	7	10	11	11	11	9	0	0	0	0	3	11	11	11	11	9	9	23	11	11	11	0	11	11	0	0	11	11	0	11	11	11	11	0	8	11	11	11	11	0	0	11	11	11	11	0	11	11	11	11	11	11	11	8	11	0	0	0	11	11	11	11	11	11	8	8	8	11	11	11	11	11	11	11	0	0	0	0	0	11	11	11	11	11	11	11	11	11	0	11	11	11	12	11	11	0	0	11	11	11	11	8	8	8	8	11	11	11	11	11	11	0	0	11	11	11	11	11	11	11	11	11	11	11	11	11	11	11	11	3	11	11	11	11	11	11	11	9	11	0
	11	10	11	11	8	11	9	9	9	9	9	8	43	20	11	14	11	8	5	11	11	0	0	14	9	9	8	10	12	8	8	8	8	6	0	0	0	0	11	11	0	0	9	7	8	11	0	11	11	0	0	0	0	7	10	11	11	11	9	0	0	0	0	3	11	11	11	11	9	9	23	11	11	11	0	11	11	0	0	11	11	0	11	11	11	11	0	8	11	11	11	11	0	0	11	11	11	11	0	11	11	11	11	11	11	11	8	11	0	0	0	11	11	11	11	11	11	8	8	8	11	11	11	11	11	11	11	0	0	0	0	0	11	11	11	11	11	11	11	11	11	0	11	11	11	12	11	11	0	0	11	11	11	11	8	8	8	8	11	11	11	11	11	11	0	0	11	11	11	11	11	11	11	11	11	11	11	11	11	11	11	11	3	11	11	11	11	11	11	11	9	11	0
	10	9	11	8	8	8	7	5	5	8	7	6	41	17	11	13	11	10	7	10	10	7	7	12	11	8	7	7	12	7	7	7	7	8	7	7	7	7	10	10	7	7	8	6	8	10	7	10	10	7	7	7	7	0	8	10	10	10	7	7	7	7	7	4	10	10	10	10	4	9	20	10	10	10	7	9	10	7	7	10	10	7	10	10	10	10	7	7	10	10	10	10	7	7	10	10	10	10	7	10	10	10	10	10	10	10	7	10	7	7	7	10	10	10	10	10	10	7	7	7	10	10	10	10	10	10	10	7	7	7	7	7	10	10	10	10	10	10	10	10	10	7	10	10	10	11	10	10	7	7	10	10	10	10	7	7	7	7	10	10	10	10	10	10	7	7	10	10	10	10	10	10	10	10	10	10	10	10	10	10	10	10	4	10	10	10	10	10	10	10	5	10	7
	8	12	12	12	10	7	10	5	6	9	3	8	43	20	8	13	11	8	6	8	8	10	10	15	13	13	12	13	13	10	11	11	11	7	10	10	10	10	8	8	10	10	13	12	10	8	10	8	8	10	10	10	10	8	0	8	8	8	5	10	10	10	10	9	8	8	8	8	7	11	22	8	8	8	10	10	8	10	10	8	8	10	8	8	8	8	10	11	8	8	8	8	10	10	8	8	8	8	10	8	8	8	8	8	8	8	11	8	10	10	10	8	8	8	8	8	8	11	11	11	8	8	8	8	8	8	8	10	10	10	10	10	8	8	8	8	8	8	8	8	8	10	8	8	8	9	8	8	10	10	8	8	8	8	11	11	11	11	8	8	8	8	8	8	10	10	8	8	8	8	8	8	8	8	8	8	8	8	8	8	8	8	9	8	8	8	8	8	8	8	7	13	10
	0	12	13	13	14	8	9	7	7	6	6	8	40	17	8	14	11	9	10	0	0	11	11	18	13	13	12	14	12	9	12	12	12	11	11	11	11	11	0	0	11	11	13	11	14	0	11	0	0	11	11	11	11	10	8	0	0	0	6	11	11	11	11	8	0	0	0	0	7	11	21	0	0	0	11	8	0	11	11	0	0	11	0	0	0	0	11	12	0	0	0	0	11	11	0	0	0	0	11	0	0	0	0	0	0	0	12	0	11	11	11	0	0	0	0	0	0	12	12	12	0	0	0	0	0	0	0	11	11	11	11	11	0	0	0	0	0	0	0	0	0	11	0	0	0	8	0	0	11	11	0	0	0	0	12	12	12	12	0	0	0	0	0	0	11	11	0	0	0	0	0	0	0	0	0	0	0	0	0	0	0	0	8	0	0	0	0	0	0	0	6	13	11
	0	12	13	13	14	8	9	7	7	6	6	8	40	17	8	14	11	9	10	0	0	11	11	18	13	13	12	14	12	9	12	12	12	11	11	11	11	11	0	0	11	11	13	11	14	0	11	0	0	11	11	11	11	10	8	0	0	0	6	11	11	11	11	8	0	0	0	0	7	11	21	0	0	0	11	8	0	11	11	0	0	11	0	0	0	0	11	12	0	0	0	0	11	11	0	0	0	0	11	0	0	0	0	0	0	0	12	0	11	11	11	0	0	0	0	0	0	12	12	12	0	0	0	0	0	0	0	11	11	11	11	11	0	0	0	0	0	0	0	0	0	11	0	0	0	8	0	0	11	11	0	0	0	0	12	12	12	12	0	0	0	0	0	0	11	11	0	0	0	0	0	0	0	0	0	0	0	0	0	0	0	0	8	0	0	0	0	0	0	0	6	13	11
	0	12	13	13	14	8	9	7	7	6	6	8	40	17	8	14	11	9	10	0	0	11	11	18	13	13	12	14	12	9	12	12	12	11	11	11	11	11	0	0	11	11	13	11	14	0	11	0	0	11	11	11	11	10	8	0	0	0	6	11	11	11	11	8	0	0	0	0	7	11	21	0	0	0	11	8	0	11	11	0	0	11	0	0	0	0	11	12	0	0	0	0	11	11	0	0	0	0	11	0	0	0	0	0	0	0	12	0	11	11	11	0	0	0	0	0	0	12	12	12	0	0	0	0	0	0	0	11	11	11	11	11	0	0	0	0	0	0	0	0	0	11	0	0	0	8	0	0	11	11	0	0	0	0	12	12	12	12	0	0	0	0	0	0	11	11	0	0	0	0	0	0	0	0	0	0	0	0	0	0	0	0	8	0	0	0	0	0	0	0	6	13	11
	6	12	13	12	9	8	10	6	7	4	5	9	41	20	8	10	12	9	8	6	6	9	9	16	14	13	12	13	13	9	10	10	10	8	9	9	9	9	6	6	9	9	13	12	9	6	9	6	6	9	9	9	9	7	5	6	6	6	0	9	9	9	9	7	6	6	6	6	6	11	20	6	6	6	9	7	6	9	9	6	6	9	6	6	6	6	9	10	6	6	6	6	9	9	6	6	6	6	9	6	6	6	6	6	6	6	10	6	9	9	9	6	6	6	6	6	6	10	10	10	6	6	6	6	6	6	6	9	9	9	9	9	6	6	6	6	6	6	6	6	6	9	6	6	6	9	6	6	9	9	6	6	6	6	10	10	10	10	6	6	6	6	6	6	9	9	6	6	6	6	6	6	6	6	6	6	6	6	6	6	6	6	7	6	6	6	6	6	6	6	7	13	9
	11	10	11	11	8	11	9	9	9	9	9	8	43	20	11	14	11	8	5	11	11	0	0	14	9	9	8	10	12	8	8	8	8	6	0	0	0	0	11	11	0	0	9	7	8	11	0	11	11	0	0	0	0	7	10	11	11	11	9	0	0	0	0	3	11	11	11	11	9	9	23	11	11	11	0	11	11	0	0	11	11	0	11	11	11	11	0	8	11	11	11	11	0	0	11	11	11	11	0	11	11	11	11	11	11	11	8	11	0	0	0	11	11	11	11	11	11	8	8	8	11	11	11	11	11	11	11	0	0	0	0	0	11	11	11	11	11	11	11	11	11	0	11	11	11	12	11	11	0	0	11	11	11	11	8	8	8	8	11	11	11	11	11	11	0	0	11	11	11	11	11	11	11	11	11	11	11	11	11	11	11	11	3	11	11	11	11	11	11	11	9	11	0
	11	10	11	11	8	11	9	9	9	9	9	8	43	20	11	14	11	8	5	11	11	0	0	14	9	9	8	10	12	8	8	8	8	6	0	0	0	0	11	11	0	0	9	7	8	11	0	11	11	0	0	0	0	7	10	11	11	11	9	0	0	0	0	3	11	11	11	11	9	9	23	11	11	11	0	11	11	0	0	11	11	0	11	11	11	11	0	8	11	11	11	11	0	0	11	11	11	11	0	11	11	11	11	11	11	11	8	11	0	0	0	11	11	11	11	11	11	8	8	8	11	11	11	11	11	11	11	0	0	0	0	0	11	11	11	11	11	11	11	11	11	0	11	11	11	12	11	11	0	0	11	11	11	11	8	8	8	8	11	11	11	11	11	11	0	0	11	11	11	11	11	11	11	11	11	11	11	11	11	11	11	11	3	11	11	11	11	11	11	11	9	11	0
	11	10	11	11	8	11	9	9	9	9	9	8	43	20	11	14	11	8	5	11	11	0	0	14	9	9	8	10	12	8	8	8	8	6	0	0	0	0	11	11	0	0	9	7	8	11	0	11	11	0	0	0	0	7	10	11	11	11	9	0	0	0	0	3	11	11	11	11	9	9	23	11	11	11	0	11	11	0	0	11	11	0	11	11	11	11	0	8	11	11	11	11	0	0	11	11	11	11	0	11	11	11	11	11	11	11	8	11	0	0	0	11	11	11	11	11	11	8	8	8	11	11	11	11	11	11	11	0	0	0	0	0	11	11	11	11	11	11	11	11	11	0	11	11	11	12	11	11	0	0	11	11	11	11	8	8	8	8	11	11	11	11	11	11	0	0	11	11	11	11	11	11	11	11	11	11	11	11	11	11	11	11	3	11	11	11	11	11	11	11	9	11	0
	11	10	11	11	8	11	9	9	9	9	9	8	43	20	11	14	11	8	5	11	11	0	0	14	9	9	8	10	12	8	8	8	8	6	0	0	0	0	11	11	0	0	9	7	8	11	0	11	11	0	0	0	0	7	10	11	11	11	9	0	0	0	0	3	11	11	11	11	9	9	23	11	11	11	0	11	11	0	0	11	11	0	11	11	11	11	0	8	11	11	11	11	0	0	11	11	11	11	0	11	11	11	11	11	11	11	8	11	0	0	0	11	11	11	11	11	11	8	8	8	11	11	11	11	11	11	11	0	0	0	0	0	11	11	11	11	11	11	11	11	11	0	11	11	11	12	11	11	0	0	11	11	11	11	8	8	8	8	11	11	11	11	11	11	0	0	11	11	11	11	11	11	11	11	11	11	11	11	11	11	11	11	3	11	11	11	11	11	11	11	9	11	0
	8	9	9	8	6	9	8	7	6	9	6	7	42	19	10	12	9	7	4	8	8	3	3	11	9	8	7	8	11	7	5	5	5	5	3	3	3	3	8	8	3	3	7	6	6	8	3	8	8	3	3	3	3	4	9	8	8	8	7	3	3	3	3	0	8	8	8	8	7	8	21	8	8	8	3	11	8	3	3	8	8	3	8	8	8	8	3	5	8	8	8	8	3	3	8	8	8	8	3	8	8	8	8	8	8	8	5	8	3	3	3	8	8	8	8	8	8	5	5	5	8	8	8	8	8	8	8	3	3	3	3	3	8	8	8	8	8	8	8	8	8	3	8	8	8	12	8	8	3	3	8	8	8	8	5	5	5	5	8	8	8	8	8	8	3	3	8	8	8	8	8	8	8	8	8	8	8	8	8	8	8	8	0	8	8	8	8	8	8	8	7	9	3
	0	12	13	13	14	8	9	7	7	6	6	8	40	17	8	14	11	9	10	0	0	11	11	18	13	13	12	14	12	9	12	12	12	11	11	11	11	11	0	0	11	11	13	11	14	0	11	0	0	11	11	11	11	10	8	0	0	0	6	11	11	11	11	8	0	0	0	0	7	11	21	0	0	0	11	8	0	11	11	0	0	11	0	0	0	0	11	12	0	0	0	0	11	11	0	0	0	0	11	0	0	0	0	0	0	0	12	0	11	11	11	0	0	0	0	0	0	12	12	12	0	0	0	0	0	0	0	11	11	11	11	11	0	0	0	0	0	0	0	0	0	11	0	0	0	8	0	0	11	11	0	0	0	0	12	12	12	12	0	0	0	0	0	0	11	11	0	0	0	0	0	0	0	0	0	0	0	0	0	0	0	0	8	0	0	0	0	0	0	0	6	13	11
	0	12	13	13	14	8	9	7	7	6	6	8	40	17	8	14	11	9	10	0	0	11	11	18	13	13	12	14	12	9	12	12	12	11	11	11	11	11	0	0	11	11	13	11	14	0	11	0	0	11	11	11	11	10	8	0	0	0	6	11	11	11	11	8	0	0	0	0	7	11	21	0	0	0	11	8	0	11	11	0	0	11	0	0	0	0	11	12	0	0	0	0	11	11	0	0	0	0	11	0	0	0	0	0	0	0	12	0	11	11	11	0	0	0	0	0	0	12	12	12	0	0	0	0	0	0	0	11	11	11	11	11	0	0	0	0	0	0	0	0	0	11	0	0	0	8	0	0	11	11	0	0	0	0	12	12	12	12	0	0	0	0	0	0	11	11	0	0	0	0	0	0	0	0	0	0	0	0	0	0	0	0	8	0	0	0	0	0	0	0	6	13	11
	0	12	13	13	14	8	9	7	7	6	6	8	40	17	8	14	11	9	10	0	0	11	11	18	13	13	12	14	12	9	12	12	12	11	11	11	11	11	0	0	11	11	13	11	14	0	11	0	0	11	11	11	11	10	8	0	0	0	6	11	11	11	11	8	0	0	0	0	7	11	21	0	0	0	11	8	0	11	11	0	0	11	0	0	0	0	11	12	0	0	0	0	11	11	0	0	0	0	11	0	0	0	0	0	0	0	12	0	11	11	11	0	0	0	0	0	0	12	12	12	0	0	0	0	0	0	0	11	11	11	11	11	0	0	0	0	0	0	0	0	0	11	0	0	0	8	0	0	11	11	0	0	0	0	12	12	12	12	0	0	0	0	0	0	11	11	0	0	0	0	0	0	0	0	0	0	0	0	0	0	0	0	8	0	0	0	0	0	0	0	6	13	11
	0	12	13	13	14	8	9	7	7	6	6	8	40	17	8	14	11	9	10	0	0	11	11	18	13	13	12	14	12	9	12	12	12	11	11	11	11	11	0	0	11	11	13	11	14	0	11	0	0	11	11	11	11	10	8	0	0	0	6	11	11	11	11	8	0	0	0	0	7	11	21	0	0	0	11	8	0	11	11	0	0	11	0	0	0	0	11	12	0	0	0	0	11	11	0	0	0	0	11	0	0	0	0	0	0	0	12	0	11	11	11	0	0	0	0	0	0	12	12	12	0	0	0	0	0	0	0	11	11	11	11	11	0	0	0	0	0	0	0	0	0	11	0	0	0	8	0	0	11	11	0	0	0	0	12	12	12	12	0	0	0	0	0	0	11	11	0	0	0	0	0	0	0	0	0	0	0	0	0	0	0	0	8	0	0	0	0	0	0	0	6	13	11
	7	11	12	11	9	7	4	5	5	8	5	8	41	19	9	11	12	11	8	7	7	9	9	12	11	10	9	10	11	3	8	8	8	8	9	9	9	9	7	7	9	9	11	9	9	7	9	7	7	9	9	9	9	4	7	7	7	7	6	9	9	9	9	7	7	7	7	7	0	5	20	7	7	7	9	8	7	9	9	7	7	9	7	7	7	7	9	8	7	7	7	7	9	9	7	7	7	7	9	7	7	7	7	7	7	7	8	7	9	9	9	7	7	7	7	7	7	8	8	8	7	7	7	7	7	7	7	9	9	9	9	9	7	7	7	7	7	7	7	7	7	9	7	7	7	10	7	7	9	9	7	7	7	7	8	8	8	8	7	7	7	7	7	7	9	9	7	7	7	7	7	7	7	7	7	7	7	7	7	7	7	7	7	7	7	7	7	7	7	7	5	11	9
	11	12	13	12	10	6	3	7	7	12	9	9	45	21	13	15	13	12	9	11	11	9	9	15	13	13	12	12	12	2	9	9	9	10	9	9	9	9	11	11	9	9	13	11	10	11	9	11	11	9	9	9	9	9	11	11	11	11	11	9	9	9	9	8	11	11	11	11	5	0	24	11	11	11	9	12	11	9	9	11	11	9	11	11	11	11	9	9	11	11	11	11	9	9	11	11	11	11	9	11	11	11	11	11	11	11	9	11	9	9	9	11	11	11	11	11	11	9	9	9	11	11	11	11	11	11	11	9	9	9	9	9	11	11	11	11	11	11	11	11	11	9	11	11	11	13	11	11	9	9	11	11	11	11	9	9	9	9	11	11	11	11	11	11	9	9	11	11	11	11	11	11	11	11	11	11	11	11	11	11	11	11	8	11	11	11	11	11	11	11	7	12	9
	21	18	18	17	17	21	23	21	22	23	22	18	29	7	19	17	20	17	19	21	21	23	23	24	23	19	18	20	24	23	18	18	18	20	23	23	23	23	21	21	23	23	20	17	17	21	23	21	21	23	23	23	23	20	22	21	21	21	20	23	23	23	23	21	21	21	21	21	20	24	0	21	21	21	23	18	21	23	23	21	21	23	21	21	21	21	23	18	21	21	21	21	23	23	21	21	21	21	23	21	21	21	21	21	21	21	18	21	23	23	23	21	21	21	21	21	21	18	18	18	21	21	21	21	21	21	21	23	23	23	23	23	21	21	21	21	21	21	21	21	21	23	21	21	21	17	21	21	23	23	21	21	21	21	18	18	18	18	21	21	21	21	21	21	23	23	21	21	21	21	21	21	21	21	21	21	21	21	21	21	21	21	21	21	21	21	21	21	21	21	21	22	23
	0	12	13	13	14	8	9	7	7	6	6	8	40	17	8	14	11	9	10	0	0	11	11	18	13	13	12	14	12	9	12	12	12	11	11	11	11	11	0	0	11	11	13	11	14	0	11	0	0	11	11	11	11	10	8	0	0	0	6	11	11	11	11	8	0	0	0	0	7	11	21	0	0	0	11	8	0	11	11	0	0	11	0	0	0	0	11	12	0	0	0	0	11	11	0	0	0	0	11	0	0	0	0	0	0	0	12	0	11	11	11	0	0	0	0	0	0	12	12	12	0	0	0	0	0	0	0	11	11	11	11	11	0	0	0	0	0	0	0	0	0	11	0	0	0	8	0	0	11	11	0	0	0	0	12	12	12	12	0	0	0	0	0	0	11	11	0	0	0	0	0	0	0	0	0	0	0	0	0	0	0	0	8	0	0	0	0	0	0	0	6	13	11
	0	12	13	13	14	8	9	7	7	6	6	8	40	17	8	14	11	9	10	0	0	11	11	18	13	13	12	14	12	9	12	12	12	11	11	11	11	11	0	0	11	11	13	11	14	0	11	0	0	11	11	11	11	10	8	0	0	0	6	11	11	11	11	8	0	0	0	0	7	11	21	0	0	0	11	8	0	11	11	0	0	11	0	0	0	0	11	12	0	0	0	0	11	11	0	0	0	0	11	0	0	0	0	0	0	0	12	0	11	11	11	0	0	0	0	0	0	12	12	12	0	0	0	0	0	0	0	11	11	11	11	11	0	0	0	0	0	0	0	0	0	11	0	0	0	8	0	0	11	11	0	0	0	0	12	12	12	12	0	0	0	0	0	0	11	11	0	0	0	0	0	0	0	0	0	0	0	0	0	0	0	0	8	0	0	0	0	0	0	0	6	13	11
	0	12	13	13	14	8	9	7	7	6	6	8	40	17	8	14	11	9	10	0	0	11	11	18	13	13	12	14	12	9	12	12	12	11	11	11	11	11	0	0	11	11	13	11	14	0	11	0	0	11	11	11	11	10	8	0	0	0	6	11	11	11	11	8	0	0	0	0	7	11	21	0	0	0	11	8	0	11	11	0	0	11	0	0	0	0	11	12	0	0	0	0	11	11	0	0	0	0	11	0	0	0	0	0	0	0	12	0	11	11	11	0	0	0	0	0	0	12	12	12	0	0	0	0	0	0	0	11	11	11	11	11	0	0	0	0	0	0	0	0	0	11	0	0	0	8	0	0	11	11	0	0	0	0	12	12	12	12	0	0	0	0	0	0	11	11	0	0	0	0	0	0	0	0	0	0	0	0	0	0	0	0	8	0	0	0	0	0	0	0	6	13	11
	11	10	11	11	8	11	9	9	9	9	9	8	43	20	11	14	11	8	5	11	11	0	0	14	9	9	8	10	12	8	8	8	8	6	0	0	0	0	11	11	0	0	9	7	8	11	0	11	11	0	0	0	0	7	10	11	11	11	9	0	0	0	0	3	11	11	11	11	9	9	23	11	11	11	0	11	11	0	0	11	11	0	11	11	11	11	0	8	11	11	11	11	0	0	11	11	11	11	0	11	11	11	11	11	11	11	8	11	0	0	0	11	11	11	11	11	11	8	8	8	11	11	11	11	11	11	11	0	0	0	0	0	11	11	11	11	11	11	11	11	11	0	11	11	11	12	11	11	0	0	11	11	11	11	8	8	8	8	11	11	11	11	11	11	0	0	11	11	11	11	11	11	11	11	11	11	11	11	11	11	11	11	3	11	11	11	11	11	11	11	9	11	0
	8	15	17	16	15	9	10	8	8	6	9	9	39	15	5	12	14	12	12	8	8	11	11	19	18	16	15	15	14	10	13	13	13	13	11	11	11	11	8	8	11	11	16	14	15	8	11	8	8	11	11	11	11	9	10	8	8	8	7	11	11	11	11	11	8	8	8	8	8	12	18	8	8	8	11	0	8	11	11	8	8	11	8	8	8	8	11	13	8	8	8	8	11	11	8	8	8	8	11	8	8	8	8	8	8	8	13	8	11	11	11	8	8	8	8	8	8	13	13	13	8	8	8	8	8	8	8	11	11	11	11	11	8	8	8	8	8	8	8	8	8	11	8	8	8	7	8	8	11	11	8	8	8	8	13	13	13	13	8	8	8	8	8	8	11	11	8	8	8	8	8	8	8	8	8	8	8	8	8	8	8	8	11	8	8	8	8	8	8	8	8	14	11
	0	12	13	13	14	8	9	7	7	6	6	8	40	17	8	14	11	9	10	0	0	11	11	18	13	13	12	14	12	9	12	12	12	11	11	11	11	11	0	0	11	11	13	11	14	0	11	0	0	11	11	11	11	10	8	0	0	0	6	11	11	11	11	8	0	0	0	0	7	11	21	0	0	0	11	8	0	11	11	0	0	11	0	0	0	0	11	12	0	0	0	0	11	11	0	0	0	0	11	0	0	0	0	0	0	0	12	0	11	11	11	0	0	0	0	0	0	12	12	12	0	0	0	0	0	0	0	11	11	11	11	11	0	0	0	0	0	0	0	0	0	11	0	0	0	8	0	0	11	11	0	0	0	0	12	12	12	12	0	0	0	0	0	0	11	11	0	0	0	0	0	0	0	0	0	0	0	0	0	0	0	0	8	0	0	0	0	0	0	0	6	13	11
	11	10	11	11	8	11	9	9	9	9	9	8	43	20	11	14	11	8	5	11	11	0	0	14	9	9	8	10	12	8	8	8	8	6	0	0	0	0	11	11	0	0	9	7	8	11	0	11	11	0	0	0	0	7	10	11	11	11	9	0	0	0	0	3	11	11	11	11	9	9	23	11	11	11	0	11	11	0	0	11	11	0	11	11	11	11	0	8	11	11	11	11	0	0	11	11	11	11	0	11	11	11	11	11	11	11	8	11	0	0	0	11	11	11	11	11	11	8	8	8	11	11	11	11	11	11	11	0	0	0	0	0	11	11	11	11	11	11	11	11	11	0	11	11	11	12	11	11	0	0	11	11	11	11	8	8	8	8	11	11	11	11	11	11	0	0	11	11	11	11	11	11	11	11	11	11	11	11	11	11	11	11	3	11	11	11	11	11	11	11	9	11	0
	11	10	11	11	8	11	9	9	9	9	9	8	43	20	11	14	11	8	5	11	11	0	0	14	9	9	8	10	12	8	8	8	8	6	0	0	0	0	11	11	0	0	9	7	8	11	0	11	11	0	0	0	0	7	10	11	11	11	9	0	0	0	0	3	11	11	11	11	9	9	23	11	11	11	0	11	11	0	0	11	11	0	11	11	11	11	0	8	11	11	11	11	0	0	11	11	11	11	0	11	11	11	11	11	11	11	8	11	0	0	0	11	11	11	11	11	11	8	8	8	11	11	11	11	11	11	11	0	0	0	0	0	11	11	11	11	11	11	11	11	11	0	11	11	11	12	11	11	0	0	11	11	11	11	8	8	8	8	11	11	11	11	11	11	0	0	11	11	11	11	11	11	11	11	11	11	11	11	11	11	11	11	3	11	11	11	11	11	11	11	9	11	0
	0	12	13	13	14	8	9	7	7	6	6	8	40	17	8	14	11	9	10	0	0	11	11	18	13	13	12	14	12	9	12	12	12	11	11	11	11	11	0	0	11	11	13	11	14	0	11	0	0	11	11	11	11	10	8	0	0	0	6	11	11	11	11	8	0	0	0	0	7	11	21	0	0	0	11	8	0	11	11	0	0	11	0	0	0	0	11	12	0	0	0	0	11	11	0	0	0	0	11	0	0	0	0	0	0	0	12	0	11	11	11	0	0	0	0	0	0	12	12	12	0	0	0	0	0	0	0	11	11	11	11	11	0	0	0	0	0	0	0	0	0	11	0	0	0	8	0	0	11	11	0	0	0	0	12	12	12	12	0	0	0	0	0	0	11	11	0	0	0	0	0	0	0	0	0	0	0	0	0	0	0	0	8	0	0	0	0	0	0	0	6	13	11
	0	12	13	13	14	8	9	7	7	6	6	8	40	17	8	14	11	9	10	0	0	11	11	18	13	13	12	14	12	9	12	12	12	11	11	11	11	11	0	0	11	11	13	11	14	0	11	0	0	11	11	11	11	10	8	0	0	0	6	11	11	11	11	8	0	0	0	0	7	11	21	0	0	0	11	8	0	11	11	0	0	11	0	0	0	0	11	12	0	0	0	0	11	11	0	0	0	0	11	0	0	0	0	0	0	0	12	0	11	11	11	0	0	0	0	0	0	12	12	12	0	0	0	0	0	0	0	11	11	11	11	11	0	0	0	0	0	0	0	0	0	11	0	0	0	8	0	0	11	11	0	0	0	0	12	12	12	12	0	0	0	0	0	0	11	11	0	0	0	0	0	0	0	0	0	0	0	0	0	0	0	0	8	0	0	0	0	0	0	0	6	13	11
	11	10	11	11	8	11	9	9	9	9	9	8	43	20	11	14	11	8	5	11	11	0	0	14	9	9	8	10	12	8	8	8	8	6	0	0	0	0	11	11	0	0	9	7	8	11	0	11	11	0	0	0	0	7	10	11	11	11	9	0	0	0	0	3	11	11	11	11	9	9	23	11	11	11	0	11	11	0	0	11	11	0	11	11	11	11	0	8	11	11	11	11	0	0	11	11	11	11	0	11	11	11	11	11	11	11	8	11	0	0	0	11	11	11	11	11	11	8	8	8	11	11	11	11	11	11	11	0	0	0	0	0	11	11	11	11	11	11	11	11	11	0	11	11	11	12	11	11	0	0	11	11	11	11	8	8	8	8	11	11	11	11	11	11	0	0	11	11	11	11	11	11	11	11	11	11	11	11	11	11	11	11	3	11	11	11	11	11	11	11	9	11	0
	0	12	13	13	14	8	9	7	7	6	6	8	40	17	8	14	11	9	10	0	0	11	11	18	13	13	12	14	12	9	12	12	12	11	11	11	11	11	0	0	11	11	13	11	14	0	11	0	0	11	11	11	11	10	8	0	0	0	6	11	11	11	11	8	0	0	0	0	7	11	21	0	0	0	11	8	0	11	11	0	0	11	0	0	0	0	11	12	0	0	0	0	11	11	0	0	0	0	11	0	0	0	0	0	0	0	12	0	11	11	11	0	0	0	0	0	0	12	12	12	0	0	0	0	0	0	0	11	11	11	11	11	0	0	0	0	0	0	0	0	0	11	0	0	0	8	0	0	11	11	0	0	0	0	12	12	12	12	0	0	0	0	0	0	11	11	0	0	0	0	0	0	0	0	0	0	0	0	0	0	0	0	8	0	0	0	0	0	0	0	6	13	11
	0	12	13	13	14	8	9	7	7	6	6	8	40	17	8	14	11	9	10	0	0	11	11	18	13	13	12	14	12	9	12	12	12	11	11	11	11	11	0	0	11	11	13	11	14	0	11	0	0	11	11	11	11	10	8	0	0	0	6	11	11	11	11	8	0	0	0	0	7	11	21	0	0	0	11	8	0	11	11	0	0	11	0	0	0	0	11	12	0	0	0	0	11	11	0	0	0	0	11	0	0	0	0	0	0	0	12	0	11	11	11	0	0	0	0	0	0	12	12	12	0	0	0	0	0	0	0	11	11	11	11	11	0	0	0	0	0	0	0	0	0	11	0	0	0	8	0	0	11	11	0	0	0	0	12	12	12	12	0	0	0	0	0	0	11	11	0	0	0	0	0	0	0	0	0	0	0	0	0	0	0	0	8	0	0	0	0	0	0	0	6	13	11
	0	12	13	13	14	8	9	7	7	6	6	8	40	17	8	14	11	9	10	0	0	11	11	18	13	13	12	14	12	9	12	12	12	11	11	11	11	11	0	0	11	11	13	11	14	0	11	0	0	11	11	11	11	10	8	0	0	0	6	11	11	11	11	8	0	0	0	0	7	11	21	0	0	0	11	8	0	11	11	0	0	11	0	0	0	0	11	12	0	0	0	0	11	11	0	0	0	0	11	0	0	0	0	0	0	0	12	0	11	11	11	0	0	0	0	0	0	12	12	12	0	0	0	0	0	0	0	11	11	11	11	11	0	0	0	0	0	0	0	0	0	11	0	0	0	8	0	0	11	11	0	0	0	0	12	12	12	12	0	0	0	0	0	0	11	11	0	0	0	0	0	0	0	0	0	0	0	0	0	0	0	0	8	0	0	0	0	0	0	0	6	13	11
	0	12	13	13	14	8	9	7	7	6	6	8	40	17	8	14	11	9	10	0	0	11	11	18	13	13	12	14	12	9	12	12	12	11	11	11	11	11	0	0	11	11	13	11	14	0	11	0	0	11	11	11	11	10	8	0	0	0	6	11	11	11	11	8	0	0	0	0	7	11	21	0	0	0	11	8	0	11	11	0	0	11	0	0	0	0	11	12	0	0	0	0	11	11	0	0	0	0	11	0	0	0	0	0	0	0	12	0	11	11	11	0	0	0	0	0	0	12	12	12	0	0	0	0	0	0	0	11	11	11	11	11	0	0	0	0	0	0	0	0	0	11	0	0	0	8	0	0	11	11	0	0	0	0	12	12	12	12	0	0	0	0	0	0	11	11	0	0	0	0	0	0	0	0	0	0	0	0	0	0	0	0	8	0	0	0	0	0	0	0	6	13	11
	11	10	11	11	8	11	9	9	9	9	9	8	43	20	11	14	11	8	5	11	11	0	0	14	9	9	8	10	12	8	8	8	8	6	0	0	0	0	11	11	0	0	9	7	8	11	0	11	11	0	0	0	0	7	10	11	11	11	9	0	0	0	0	3	11	11	11	11	9	9	23	11	11	11	0	11	11	0	0	11	11	0	11	11	11	11	0	8	11	11	11	11	0	0	11	11	11	11	0	11	11	11	11	11	11	11	8	11	0	0	0	11	11	11	11	11	11	8	8	8	11	11	11	11	11	11	11	0	0	0	0	0	11	11	11	11	11	11	11	11	11	0	11	11	11	12	11	11	0	0	11	11	11	11	8	8	8	8	11	11	11	11	11	11	0	0	11	11	11	11	11	11	11	11	11	11	11	11	11	11	11	11	3	11	11	11	11	11	11	11	9	11	0
	12	5	7	5	3	11	8	9	9	13	9	9	39	18	14	15	12	11	6	12	12	8	8	12	7	7	6	6	11	7	0	0	0	7	8	8	8	8	12	12	8	8	7	3	3	12	8	12	12	8	8	8	8	7	11	12	12	12	10	8	8	8	8	5	12	12	12	12	8	9	18	12	12	12	8	13	12	8	8	12	12	8	12	12	12	12	8	0	12	12	12	12	8	8	12	12	12	12	8	12	12	12	12	12	12	12	0	12	8	8	8	12	12	12	12	12	12	0	0	0	12	12	12	12	12	12	12	8	8	8	8	8	12	12	12	12	12	12	12	12	12	8	12	12	12	15	12	12	8	8	12	12	12	12	0	0	0	0	12	12	12	12	12	12	8	8	12	12	12	12	12	12	12	12	12	12	12	12	12	12	12	12	5	12	12	12	12	12	12	12	11	9	8
	0	12	13	13	14	8	9	7	7	6	6	8	40	17	8	14	11	9	10	0	0	11	11	18	13	13	12	14	12	9	12	12	12	11	11	11	11	11	0	0	11	11	13	11	14	0	11	0	0	11	11	11	11	10	8	0	0	0	6	11	11	11	11	8	0	0	0	0	7	11	21	0	0	0	11	8	0	11	11	0	0	11	0	0	0	0	11	12	0	0	0	0	11	11	0	0	0	0	11	0	0	0	0	0	0	0	12	0	11	11	11	0	0	0	0	0	0	12	12	12	0	0	0	0	0	0	0	11	11	11	11	11	0	0	0	0	0	0	0	0	0	11	0	0	0	8	0	0	11	11	0	0	0	0	12	12	12	12	0	0	0	0	0	0	11	11	0	0	0	0	0	0	0	0	0	0	0	0	0	0	0	0	8	0	0	0	0	0	0	0	6	13	11
	0	12	13	13	14	8	9	7	7	6	6	8	40	17	8	14	11	9	10	0	0	11	11	18	13	13	12	14	12	9	12	12	12	11	11	11	11	11	0	0	11	11	13	11	14	0	11	0	0	11	11	11	11	10	8	0	0	0	6	11	11	11	11	8	0	0	0	0	7	11	21	0	0	0	11	8	0	11	11	0	0	11	0	0	0	0	11	12	0	0	0	0	11	11	0	0	0	0	11	0	0	0	0	0	0	0	12	0	11	11	11	0	0	0	0	0	0	12	12	12	0	0	0	0	0	0	0	11	11	11	11	11	0	0	0	0	0	0	0	0	0	11	0	0	0	8	0	0	11	11	0	0	0	0	12	12	12	12	0	0	0	0	0	0	11	11	0	0	0	0	0	0	0	0	0	0	0	0	0	0	0	0	8	0	0	0	0	0	0	0	6	13	11
	0	12	13	13	14	8	9	7	7	6	6	8	40	17	8	14	11	9	10	0	0	11	11	18	13	13	12	14	12	9	12	12	12	11	11	11	11	11	0	0	11	11	13	11	14	0	11	0	0	11	11	11	11	10	8	0	0	0	6	11	11	11	11	8	0	0	0	0	7	11	21	0	0	0	11	8	0	11	11	0	0	11	0	0	0	0	11	12	0	0	0	0	11	11	0	0	0	0	11	0	0	0	0	0	0	0	12	0	11	11	11	0	0	0	0	0	0	12	12	12	0	0	0	0	0	0	0	11	11	11	11	11	0	0	0	0	0	0	0	0	0	11	0	0	0	8	0	0	11	11	0	0	0	0	12	12	12	12	0	0	0	0	0	0	11	11	0	0	0	0	0	0	0	0	0	0	0	0	0	0	0	0	8	0	0	0	0	0	0	0	6	13	11
	0	12	13	13	14	8	9	7	7	6	6	8	40	17	8	14	11	9	10	0	0	11	11	18	13	13	12	14	12	9	12	12	12	11	11	11	11	11	0	0	11	11	13	11	14	0	11	0	0	11	11	11	11	10	8	0	0	0	6	11	11	11	11	8	0	0	0	0	7	11	21	0	0	0	11	8	0	11	11	0	0	11	0	0	0	0	11	12	0	0	0	0	11	11	0	0	0	0	11	0	0	0	0	0	0	0	12	0	11	11	11	0	0	0	0	0	0	12	12	12	0	0	0	0	0	0	0	11	11	11	11	11	0	0	0	0	0	0	0	0	0	11	0	0	0	8	0	0	11	11	0	0	0	0	12	12	12	12	0	0	0	0	0	0	11	11	0	0	0	0	0	0	0	0	0	0	0	0	0	0	0	0	8	0	0	0	0	0	0	0	6	13	11
	11	10	11	11	8	11	9	9	9	9	9	8	43	20	11	14	11	8	5	11	11	0	0	14	9	9	8	10	12	8	8	8	8	6	0	0	0	0	11	11	0	0	9	7	8	11	0	11	11	0	0	0	0	7	10	11	11	11	9	0	0	0	0	3	11	11	11	11	9	9	23	11	11	11	0	11	11	0	0	11	11	0	11	11	11	11	0	8	11	11	11	11	0	0	11	11	11	11	0	11	11	11	11	11	11	11	8	11	0	0	0	11	11	11	11	11	11	8	8	8	11	11	11	11	11	11	11	0	0	0	0	0	11	11	11	11	11	11	11	11	11	0	11	11	11	12	11	11	0	0	11	11	11	11	8	8	8	8	11	11	11	11	11	11	0	0	11	11	11	11	11	11	11	11	11	11	11	11	11	11	11	11	3	11	11	11	11	11	11	11	9	11	0
	11	10	11	11	8	11	9	9	9	9	9	8	43	20	11	14	11	8	5	11	11	0	0	14	9	9	8	10	12	8	8	8	8	6	0	0	0	0	11	11	0	0	9	7	8	11	0	11	11	0	0	0	0	7	10	11	11	11	9	0	0	0	0	3	11	11	11	11	9	9	23	11	11	11	0	11	11	0	0	11	11	0	11	11	11	11	0	8	11	11	11	11	0	0	11	11	11	11	0	11	11	11	11	11	11	11	8	11	0	0	0	11	11	11	11	11	11	8	8	8	11	11	11	11	11	11	11	0	0	0	0	0	11	11	11	11	11	11	11	11	11	0	11	11	11	12	11	11	0	0	11	11	11	11	8	8	8	8	11	11	11	11	11	11	0	0	11	11	11	11	11	11	11	11	11	11	11	11	11	11	11	11	3	11	11	11	11	11	11	11	9	11	0
	0	12	13	13	14	8	9	7	7	6	6	8	40	17	8	14	11	9	10	0	0	11	11	18	13	13	12	14	12	9	12	12	12	11	11	11	11	11	0	0	11	11	13	11	14	0	11	0	0	11	11	11	11	10	8	0	0	0	6	11	11	11	11	8	0	0	0	0	7	11	21	0	0	0	11	8	0	11	11	0	0	11	0	0	0	0	11	12	0	0	0	0	11	11	0	0	0	0	11	0	0	0	0	0	0	0	12	0	11	11	11	0	0	0	0	0	0	12	12	12	0	0	0	0	0	0	0	11	11	11	11	11	0	0	0	0	0	0	0	0	0	11	0	0	0	8	0	0	11	11	0	0	0	0	12	12	12	12	0	0	0	0	0	0	11	11	0	0	0	0	0	0	0	0	0	0	0	0	0	0	0	0	8	0	0	0	0	0	0	0	6	13	11
	0	12	13	13	14	8	9	7	7	6	6	8	40	17	8	14	11	9	10	0	0	11	11	18	13	13	12	14	12	9	12	12	12	11	11	11	11	11	0	0	11	11	13	11	14	0	11	0	0	11	11	11	11	10	8	0	0	0	6	11	11	11	11	8	0	0	0	0	7	11	21	0	0	0	11	8	0	11	11	0	0	11	0	0	0	0	11	12	0	0	0	0	11	11	0	0	0	0	11	0	0	0	0	0	0	0	12	0	11	11	11	0	0	0	0	0	0	12	12	12	0	0	0	0	0	0	0	11	11	11	11	11	0	0	0	0	0	0	0	0	0	11	0	0	0	8	0	0	11	11	0	0	0	0	12	12	12	12	0	0	0	0	0	0	11	11	0	0	0	0	0	0	0	0	0	0	0	0	0	0	0	0	8	0	0	0	0	0	0	0	6	13	11
	0	12	13	13	14	8	9	7	7	6	6	8	40	17	8	14	11	9	10	0	0	11	11	18	13	13	12	14	12	9	12	12	12	11	11	11	11	11	0	0	11	11	13	11	14	0	11	0	0	11	11	11	11	10	8	0	0	0	6	11	11	11	11	8	0	0	0	0	7	11	21	0	0	0	11	8	0	11	11	0	0	11	0	0	0	0	11	12	0	0	0	0	11	11	0	0	0	0	11	0	0	0	0	0	0	0	12	0	11	11	11	0	0	0	0	0	0	12	12	12	0	0	0	0	0	0	0	11	11	11	11	11	0	0	0	0	0	0	0	0	0	11	0	0	0	8	0	0	11	11	0	0	0	0	12	12	12	12	0	0	0	0	0	0	11	11	0	0	0	0	0	0	0	0	0	0	0	0	0	0	0	0	8	0	0	0	0	0	0	0	6	13	11
	0	12	13	13	14	8	9	7	7	6	6	8	40	17	8	14	11	9	10	0	0	11	11	18	13	13	12	14	12	9	12	12	12	11	11	11	11	11	0	0	11	11	13	11	14	0	11	0	0	11	11	11	11	10	8	0	0	0	6	11	11	11	11	8	0	0	0	0	7	11	21	0	0	0	11	8	0	11	11	0	0	11	0	0	0	0	11	12	0	0	0	0	11	11	0	0	0	0	11	0	0	0	0	0	0	0	12	0	11	11	11	0	0	0	0	0	0	12	12	12	0	0	0	0	0	0	0	11	11	11	11	11	0	0	0	0	0	0	0	0	0	11	0	0	0	8	0	0	11	11	0	0	0	0	12	12	12	12	0	0	0	0	0	0	11	11	0	0	0	0	0	0	0	0	0	0	0	0	0	0	0	0	8	0	0	0	0	0	0	0	6	13	11
	11	10	11	11	8	11	9	9	9	9	9	8	43	20	11	14	11	8	5	11	11	0	0	14	9	9	8	10	12	8	8	8	8	6	0	0	0	0	11	11	0	0	9	7	8	11	0	11	11	0	0	0	0	7	10	11	11	11	9	0	0	0	0	3	11	11	11	11	9	9	23	11	11	11	0	11	11	0	0	11	11	0	11	11	11	11	0	8	11	11	11	11	0	0	11	11	11	11	0	11	11	11	11	11	11	11	8	11	0	0	0	11	11	11	11	11	11	8	8	8	11	11	11	11	11	11	11	0	0	0	0	0	11	11	11	11	11	11	11	11	11	0	11	11	11	12	11	11	0	0	11	11	11	11	8	8	8	8	11	11	11	11	11	11	0	0	11	11	11	11	11	11	11	11	11	11	11	11	11	11	11	11	3	11	11	11	11	11	11	11	9	11	0
	0	12	13	13	14	8	9	7	7	6	6	8	40	17	8	14	11	9	10	0	0	11	11	18	13	13	12	14	12	9	12	12	12	11	11	11	11	11	0	0	11	11	13	11	14	0	11	0	0	11	11	11	11	10	8	0	0	0	6	11	11	11	11	8	0	0	0	0	7	11	21	0	0	0	11	8	0	11	11	0	0	11	0	0	0	0	11	12	0	0	0	0	11	11	0	0	0	0	11	0	0	0	0	0	0	0	12	0	11	11	11	0	0	0	0	0	0	12	12	12	0	0	0	0	0	0	0	11	11	11	11	11	0	0	0	0	0	0	0	0	0	11	0	0	0	8	0	0	11	11	0	0	0	0	12	12	12	12	0	0	0	0	0	0	11	11	0	0	0	0	0	0	0	0	0	0	0	0	0	0	0	0	8	0	0	0	0	0	0	0	6	13	11
	0	12	13	13	14	8	9	7	7	6	6	8	40	17	8	14	11	9	10	0	0	11	11	18	13	13	12	14	12	9	12	12	12	11	11	11	11	11	0	0	11	11	13	11	14	0	11	0	0	11	11	11	11	10	8	0	0	0	6	11	11	11	11	8	0	0	0	0	7	11	21	0	0	0	11	8	0	11	11	0	0	11	0	0	0	0	11	12	0	0	0	0	11	11	0	0	0	0	11	0	0	0	0	0	0	0	12	0	11	11	11	0	0	0	0	0	0	12	12	12	0	0	0	0	0	0	0	11	11	11	11	11	0	0	0	0	0	0	0	0	0	11	0	0	0	8	0	0	11	11	0	0	0	0	12	12	12	12	0	0	0	0	0	0	11	11	0	0	0	0	0	0	0	0	0	0	0	0	0	0	0	0	8	0	0	0	0	0	0	0	6	13	11
	0	12	13	13	14	8	9	7	7	6	6	8	40	17	8	14	11	9	10	0	0	11	11	18	13	13	12	14	12	9	12	12	12	11	11	11	11	11	0	0	11	11	13	11	14	0	11	0	0	11	11	11	11	10	8	0	0	0	6	11	11	11	11	8	0	0	0	0	7	11	21	0	0	0	11	8	0	11	11	0	0	11	0	0	0	0	11	12	0	0	0	0	11	11	0	0	0	0	11	0	0	0	0	0	0	0	12	0	11	11	11	0	0	0	0	0	0	12	12	12	0	0	0	0	0	0	0	11	11	11	11	11	0	0	0	0	0	0	0	0	0	11	0	0	0	8	0	0	11	11	0	0	0	0	12	12	12	12	0	0	0	0	0	0	11	11	0	0	0	0	0	0	0	0	0	0	0	0	0	0	0	0	8	0	0	0	0	0	0	0	6	13	11
	0	12	13	13	14	8	9	7	7	6	6	8	40	17	8	14	11	9	10	0	0	11	11	18	13	13	12	14	12	9	12	12	12	11	11	11	11	11	0	0	11	11	13	11	14	0	11	0	0	11	11	11	11	10	8	0	0	0	6	11	11	11	11	8	0	0	0	0	7	11	21	0	0	0	11	8	0	11	11	0	0	11	0	0	0	0	11	12	0	0	0	0	11	11	0	0	0	0	11	0	0	0	0	0	0	0	12	0	11	11	11	0	0	0	0	0	0	12	12	12	0	0	0	0	0	0	0	11	11	11	11	11	0	0	0	0	0	0	0	0	0	11	0	0	0	8	0	0	11	11	0	0	0	0	12	12	12	12	0	0	0	0	0	0	11	11	0	0	0	0	0	0	0	0	0	0	0	0	0	0	0	0	8	0	0	0	0	0	0	0	6	13	11
	0	12	13	13	14	8	9	7	7	6	6	8	40	17	8	14	11	9	10	0	0	11	11	18	13	13	12	14	12	9	12	12	12	11	11	11	11	11	0	0	11	11	13	11	14	0	11	0	0	11	11	11	11	10	8	0	0	0	6	11	11	11	11	8	0	0	0	0	7	11	21	0	0	0	11	8	0	11	11	0	0	11	0	0	0	0	11	12	0	0	0	0	11	11	0	0	0	0	11	0	0	0	0	0	0	0	12	0	11	11	11	0	0	0	0	0	0	12	12	12	0	0	0	0	0	0	0	11	11	11	11	11	0	0	0	0	0	0	0	0	0	11	0	0	0	8	0	0	11	11	0	0	0	0	12	12	12	12	0	0	0	0	0	0	11	11	0	0	0	0	0	0	0	0	0	0	0	0	0	0	0	0	8	0	0	0	0	0	0	0	6	13	11
	0	12	13	13	14	8	9	7	7	6	6	8	40	17	8	14	11	9	10	0	0	11	11	18	13	13	12	14	12	9	12	12	12	11	11	11	11	11	0	0	11	11	13	11	14	0	11	0	0	11	11	11	11	10	8	0	0	0	6	11	11	11	11	8	0	0	0	0	7	11	21	0	0	0	11	8	0	11	11	0	0	11	0	0	0	0	11	12	0	0	0	0	11	11	0	0	0	0	11	0	0	0	0	0	0	0	12	0	11	11	11	0	0	0	0	0	0	12	12	12	0	0	0	0	0	0	0	11	11	11	11	11	0	0	0	0	0	0	0	0	0	11	0	0	0	8	0	0	11	11	0	0	0	0	12	12	12	12	0	0	0	0	0	0	11	11	0	0	0	0	0	0	0	0	0	0	0	0	0	0	0	0	8	0	0	0	0	0	0	0	6	13	11
	0	12	13	13	14	8	9	7	7	6	6	8	40	17	8	14	11	9	10	0	0	11	11	18	13	13	12	14	12	9	12	12	12	11	11	11	11	11	0	0	11	11	13	11	14	0	11	0	0	11	11	11	11	10	8	0	0	0	6	11	11	11	11	8	0	0	0	0	7	11	21	0	0	0	11	8	0	11	11	0	0	11	0	0	0	0	11	12	0	0	0	0	11	11	0	0	0	0	11	0	0	0	0	0	0	0	12	0	11	11	11	0	0	0	0	0	0	12	12	12	0	0	0	0	0	0	0	11	11	11	11	11	0	0	0	0	0	0	0	0	0	11	0	0	0	8	0	0	11	11	0	0	0	0	12	12	12	12	0	0	0	0	0	0	11	11	0	0	0	0	0	0	0	0	0	0	0	0	0	0	0	0	8	0	0	0	0	0	0	0	6	13	11
	12	5	7	5	3	11	8	9	9	13	9	9	39	18	14	15	12	11	6	12	12	8	8	12	7	7	6	6	11	7	0	0	0	7	8	8	8	8	12	12	8	8	7	3	3	12	8	12	12	8	8	8	8	7	11	12	12	12	10	8	8	8	8	5	12	12	12	12	8	9	18	12	12	12	8	13	12	8	8	12	12	8	12	12	12	12	8	0	12	12	12	12	8	8	12	12	12	12	8	12	12	12	12	12	12	12	0	12	8	8	8	12	12	12	12	12	12	0	0	0	12	12	12	12	12	12	12	8	8	8	8	8	12	12	12	12	12	12	12	12	12	8	12	12	12	15	12	12	8	8	12	12	12	12	0	0	0	0	12	12	12	12	12	12	8	8	12	12	12	12	12	12	12	12	12	12	12	12	12	12	12	12	5	12	12	12	12	12	12	12	11	9	8
	0	12	13	13	14	8	9	7	7	6	6	8	40	17	8	14	11	9	10	0	0	11	11	18	13	13	12	14	12	9	12	12	12	11	11	11	11	11	0	0	11	11	13	11	14	0	11	0	0	11	11	11	11	10	8	0	0	0	6	11	11	11	11	8	0	0	0	0	7	11	21	0	0	0	11	8	0	11	11	0	0	11	0	0	0	0	11	12	0	0	0	0	11	11	0	0	0	0	11	0	0	0	0	0	0	0	12	0	11	11	11	0	0	0	0	0	0	12	12	12	0	0	0	0	0	0	0	11	11	11	11	11	0	0	0	0	0	0	0	0	0	11	0	0	0	8	0	0	11	11	0	0	0	0	12	12	12	12	0	0	0	0	0	0	11	11	0	0	0	0	0	0	0	0	0	0	0	0	0	0	0	0	8	0	0	0	0	0	0	0	6	13	11
	11	10	11	11	8	11	9	9	9	9	9	8	43	20	11	14	11	8	5	11	11	0	0	14	9	9	8	10	12	8	8	8	8	6	0	0	0	0	11	11	0	0	9	7	8	11	0	11	11	0	0	0	0	7	10	11	11	11	9	0	0	0	0	3	11	11	11	11	9	9	23	11	11	11	0	11	11	0	0	11	11	0	11	11	11	11	0	8	11	11	11	11	0	0	11	11	11	11	0	11	11	11	11	11	11	11	8	11	0	0	0	11	11	11	11	11	11	8	8	8	11	11	11	11	11	11	11	0	0	0	0	0	11	11	11	11	11	11	11	11	11	0	11	11	11	12	11	11	0	0	11	11	11	11	8	8	8	8	11	11	11	11	11	11	0	0	11	11	11	11	11	11	11	11	11	11	11	11	11	11	11	11	3	11	11	11	11	11	11	11	9	11	0
	11	10	11	11	8	11	9	9	9	9	9	8	43	20	11	14	11	8	5	11	11	0	0	14	9	9	8	10	12	8	8	8	8	6	0	0	0	0	11	11	0	0	9	7	8	11	0	11	11	0	0	0	0	7	10	11	11	11	9	0	0	0	0	3	11	11	11	11	9	9	23	11	11	11	0	11	11	0	0	11	11	0	11	11	11	11	0	8	11	11	11	11	0	0	11	11	11	11	0	11	11	11	11	11	11	11	8	11	0	0	0	11	11	11	11	11	11	8	8	8	11	11	11	11	11	11	11	0	0	0	0	0	11	11	11	11	11	11	11	11	11	0	11	11	11	12	11	11	0	0	11	11	11	11	8	8	8	8	11	11	11	11	11	11	0	0	11	11	11	11	11	11	11	11	11	11	11	11	11	11	11	11	3	11	11	11	11	11	11	11	9	11	0
	11	10	11	11	8	11	9	9	9	9	9	8	43	20	11	14	11	8	5	11	11	0	0	14	9	9	8	10	12	8	8	8	8	6	0	0	0	0	11	11	0	0	9	7	8	11	0	11	11	0	0	0	0	7	10	11	11	11	9	0	0	0	0	3	11	11	11	11	9	9	23	11	11	11	0	11	11	0	0	11	11	0	11	11	11	11	0	8	11	11	11	11	0	0	11	11	11	11	0	11	11	11	11	11	11	11	8	11	0	0	0	11	11	11	11	11	11	8	8	8	11	11	11	11	11	11	11	0	0	0	0	0	11	11	11	11	11	11	11	11	11	0	11	11	11	12	11	11	0	0	11	11	11	11	8	8	8	8	11	11	11	11	11	11	0	0	11	11	11	11	11	11	11	11	11	11	11	11	11	11	11	11	3	11	11	11	11	11	11	11	9	11	0
	0	12	13	13	14	8	9	7	7	6	6	8	40	17	8	14	11	9	10	0	0	11	11	18	13	13	12	14	12	9	12	12	12	11	11	11	11	11	0	0	11	11	13	11	14	0	11	0	0	11	11	11	11	10	8	0	0	0	6	11	11	11	11	8	0	0	0	0	7	11	21	0	0	0	11	8	0	11	11	0	0	11	0	0	0	0	11	12	0	0	0	0	11	11	0	0	0	0	11	0	0	0	0	0	0	0	12	0	11	11	11	0	0	0	0	0	0	12	12	12	0	0	0	0	0	0	0	11	11	11	11	11	0	0	0	0	0	0	0	0	0	11	0	0	0	8	0	0	11	11	0	0	0	0	12	12	12	12	0	0	0	0	0	0	11	11	0	0	0	0	0	0	0	0	0	0	0	0	0	0	0	0	8	0	0	0	0	0	0	0	6	13	11
	0	12	13	13	14	8	9	7	7	6	6	8	40	17	8	14	11	9	10	0	0	11	11	18	13	13	12	14	12	9	12	12	12	11	11	11	11	11	0	0	11	11	13	11	14	0	11	0	0	11	11	11	11	10	8	0	0	0	6	11	11	11	11	8	0	0	0	0	7	11	21	0	0	0	11	8	0	11	11	0	0	11	0	0	0	0	11	12	0	0	0	0	11	11	0	0	0	0	11	0	0	0	0	0	0	0	12	0	11	11	11	0	0	0	0	0	0	12	12	12	0	0	0	0	0	0	0	11	11	11	11	11	0	0	0	0	0	0	0	0	0	11	0	0	0	8	0	0	11	11	0	0	0	0	12	12	12	12	0	0	0	0	0	0	11	11	0	0	0	0	0	0	0	0	0	0	0	0	0	0	0	0	8	0	0	0	0	0	0	0	6	13	11
	0	12	13	13	14	8	9	7	7	6	6	8	40	17	8	14	11	9	10	0	0	11	11	18	13	13	12	14	12	9	12	12	12	11	11	11	11	11	0	0	11	11	13	11	14	0	11	0	0	11	11	11	11	10	8	0	0	0	6	11	11	11	11	8	0	0	0	0	7	11	21	0	0	0	11	8	0	11	11	0	0	11	0	0	0	0	11	12	0	0	0	0	11	11	0	0	0	0	11	0	0	0	0	0	0	0	12	0	11	11	11	0	0	0	0	0	0	12	12	12	0	0	0	0	0	0	0	11	11	11	11	11	0	0	0	0	0	0	0	0	0	11	0	0	0	8	0	0	11	11	0	0	0	0	12	12	12	12	0	0	0	0	0	0	11	11	0	0	0	0	0	0	0	0	0	0	0	0	0	0	0	0	8	0	0	0	0	0	0	0	6	13	11
	0	12	13	13	14	8	9	7	7	6	6	8	40	17	8	14	11	9	10	0	0	11	11	18	13	13	12	14	12	9	12	12	12	11	11	11	11	11	0	0	11	11	13	11	14	0	11	0	0	11	11	11	11	10	8	0	0	0	6	11	11	11	11	8	0	0	0	0	7	11	21	0	0	0	11	8	0	11	11	0	0	11	0	0	0	0	11	12	0	0	0	0	11	11	0	0	0	0	11	0	0	0	0	0	0	0	12	0	11	11	11	0	0	0	0	0	0	12	12	12	0	0	0	0	0	0	0	11	11	11	11	11	0	0	0	0	0	0	0	0	0	11	0	0	0	8	0	0	11	11	0	0	0	0	12	12	12	12	0	0	0	0	0	0	11	11	0	0	0	0	0	0	0	0	0	0	0	0	0	0	0	0	8	0	0	0	0	0	0	0	6	13	11
	0	12	13	13	14	8	9	7	7	6	6	8	40	17	8	14	11	9	10	0	0	11	11	18	13	13	12	14	12	9	12	12	12	11	11	11	11	11	0	0	11	11	13	11	14	0	11	0	0	11	11	11	11	10	8	0	0	0	6	11	11	11	11	8	0	0	0	0	7	11	21	0	0	0	11	8	0	11	11	0	0	11	0	0	0	0	11	12	0	0	0	0	11	11	0	0	0	0	11	0	0	0	0	0	0	0	12	0	11	11	11	0	0	0	0	0	0	12	12	12	0	0	0	0	0	0	0	11	11	11	11	11	0	0	0	0	0	0	0	0	0	11	0	0	0	8	0	0	11	11	0	0	0	0	12	12	12	12	0	0	0	0	0	0	11	11	0	0	0	0	0	0	0	0	0	0	0	0	0	0	0	0	8	0	0	0	0	0	0	0	6	13	11
	0	12	13	13	14	8	9	7	7	6	6	8	40	17	8	14	11	9	10	0	0	11	11	18	13	13	12	14	12	9	12	12	12	11	11	11	11	11	0	0	11	11	13	11	14	0	11	0	0	11	11	11	11	10	8	0	0	0	6	11	11	11	11	8	0	0	0	0	7	11	21	0	0	0	11	8	0	11	11	0	0	11	0	0	0	0	11	12	0	0	0	0	11	11	0	0	0	0	11	0	0	0	0	0	0	0	12	0	11	11	11	0	0	0	0	0	0	12	12	12	0	0	0	0	0	0	0	11	11	11	11	11	0	0	0	0	0	0	0	0	0	11	0	0	0	8	0	0	11	11	0	0	0	0	12	12	12	12	0	0	0	0	0	0	11	11	0	0	0	0	0	0	0	0	0	0	0	0	0	0	0	0	8	0	0	0	0	0	0	0	6	13	11
	12	5	7	5	3	11	8	9	9	13	9	9	39	18	14	15	12	11	6	12	12	8	8	12	7	7	6	6	11	7	0	0	0	7	8	8	8	8	12	12	8	8	7	3	3	12	8	12	12	8	8	8	8	7	11	12	12	12	10	8	8	8	8	5	12	12	12	12	8	9	18	12	12	12	8	13	12	8	8	12	12	8	12	12	12	12	8	0	12	12	12	12	8	8	12	12	12	12	8	12	12	12	12	12	12	12	0	12	8	8	8	12	12	12	12	12	12	0	0	0	12	12	12	12	12	12	12	8	8	8	8	8	12	12	12	12	12	12	12	12	12	8	12	12	12	15	12	12	8	8	12	12	12	12	0	0	0	0	12	12	12	12	12	12	8	8	12	12	12	12	12	12	12	12	12	12	12	12	12	12	12	12	5	12	12	12	12	12	12	12	11	9	8
	12	5	7	5	3	11	8	9	9	13	9	9	39	18	14	15	12	11	6	12	12	8	8	12	7	7	6	6	11	7	0	0	0	7	8	8	8	8	12	12	8	8	7	3	3	12	8	12	12	8	8	8	8	7	11	12	12	12	10	8	8	8	8	5	12	12	12	12	8	9	18	12	12	12	8	13	12	8	8	12	12	8	12	12	12	12	8	0	12	12	12	12	8	8	12	12	12	12	8	12	12	12	12	12	12	12	0	12	8	8	8	12	12	12	12	12	12	0	0	0	12	12	12	12	12	12	12	8	8	8	8	8	12	12	12	12	12	12	12	12	12	8	12	12	12	15	12	12	8	8	12	12	12	12	0	0	0	0	12	12	12	12	12	12	8	8	12	12	12	12	12	12	12	12	12	12	12	12	12	12	12	12	5	12	12	12	12	12	12	12	11	9	8
	12	5	7	5	3	11	8	9	9	13	9	9	39	18	14	15	12	11	6	12	12	8	8	12	7	7	6	6	11	7	0	0	0	7	8	8	8	8	12	12	8	8	7	3	3	12	8	12	12	8	8	8	8	7	11	12	12	12	10	8	8	8	8	5	12	12	12	12	8	9	18	12	12	12	8	13	12	8	8	12	12	8	12	12	12	12	8	0	12	12	12	12	8	8	12	12	12	12	8	12	12	12	12	12	12	12	0	12	8	8	8	12	12	12	12	12	12	0	0	0	12	12	12	12	12	12	12	8	8	8	8	8	12	12	12	12	12	12	12	12	12	8	12	12	12	15	12	12	8	8	12	12	12	12	0	0	0	0	12	12	12	12	12	12	8	8	12	12	12	12	12	12	12	12	12	12	12	12	12	12	12	12	5	12	12	12	12	12	12	12	11	9	8
	0	12	13	13	14	8	9	7	7	6	6	8	40	17	8	14	11	9	10	0	0	11	11	18	13	13	12	14	12	9	12	12	12	11	11	11	11	11	0	0	11	11	13	11	14	0	11	0	0	11	11	11	11	10	8	0	0	0	6	11	11	11	11	8	0	0	0	0	7	11	21	0	0	0	11	8	0	11	11	0	0	11	0	0	0	0	11	12	0	0	0	0	11	11	0	0	0	0	11	0	0	0	0	0	0	0	12	0	11	11	11	0	0	0	0	0	0	12	12	12	0	0	0	0	0	0	0	11	11	11	11	11	0	0	0	0	0	0	0	0	0	11	0	0	0	8	0	0	11	11	0	0	0	0	12	12	12	12	0	0	0	0	0	0	11	11	0	0	0	0	0	0	0	0	0	0	0	0	0	0	0	0	8	0	0	0	0	0	0	0	6	13	11
	0	12	13	13	14	8	9	7	7	6	6	8	40	17	8	14	11	9	10	0	0	11	11	18	13	13	12	14	12	9	12	12	12	11	11	11	11	11	0	0	11	11	13	11	14	0	11	0	0	11	11	11	11	10	8	0	0	0	6	11	11	11	11	8	0	0	0	0	7	11	21	0	0	0	11	8	0	11	11	0	0	11	0	0	0	0	11	12	0	0	0	0	11	11	0	0	0	0	11	0	0	0	0	0	0	0	12	0	11	11	11	0	0	0	0	0	0	12	12	12	0	0	0	0	0	0	0	11	11	11	11	11	0	0	0	0	0	0	0	0	0	11	0	0	0	8	0	0	11	11	0	0	0	0	12	12	12	12	0	0	0	0	0	0	11	11	0	0	0	0	0	0	0	0	0	0	0	0	0	0	0	0	8	0	0	0	0	0	0	0	6	13	11
	0	12	13	13	14	8	9	7	7	6	6	8	40	17	8	14	11	9	10	0	0	11	11	18	13	13	12	14	12	9	12	12	12	11	11	11	11	11	0	0	11	11	13	11	14	0	11	0	0	11	11	11	11	10	8	0	0	0	6	11	11	11	11	8	0	0	0	0	7	11	21	0	0	0	11	8	0	11	11	0	0	11	0	0	0	0	11	12	0	0	0	0	11	11	0	0	0	0	11	0	0	0	0	0	0	0	12	0	11	11	11	0	0	0	0	0	0	12	12	12	0	0	0	0	0	0	0	11	11	11	11	11	0	0	0	0	0	0	0	0	0	11	0	0	0	8	0	0	11	11	0	0	0	0	12	12	12	12	0	0	0	0	0	0	11	11	0	0	0	0	0	0	0	0	0	0	0	0	0	0	0	0	8	0	0	0	0	0	0	0	6	13	11
	0	12	13	13	14	8	9	7	7	6	6	8	40	17	8	14	11	9	10	0	0	11	11	18	13	13	12	14	12	9	12	12	12	11	11	11	11	11	0	0	11	11	13	11	14	0	11	0	0	11	11	11	11	10	8	0	0	0	6	11	11	11	11	8	0	0	0	0	7	11	21	0	0	0	11	8	0	11	11	0	0	11	0	0	0	0	11	12	0	0	0	0	11	11	0	0	0	0	11	0	0	0	0	0	0	0	12	0	11	11	11	0	0	0	0	0	0	12	12	12	0	0	0	0	0	0	0	11	11	11	11	11	0	0	0	0	0	0	0	0	0	11	0	0	0	8	0	0	11	11	0	0	0	0	12	12	12	12	0	0	0	0	0	0	11	11	0	0	0	0	0	0	0	0	0	0	0	0	0	0	0	0	8	0	0	0	0	0	0	0	6	13	11
	0	12	13	13	14	8	9	7	7	6	6	8	40	17	8	14	11	9	10	0	0	11	11	18	13	13	12	14	12	9	12	12	12	11	11	11	11	11	0	0	11	11	13	11	14	0	11	0	0	11	11	11	11	10	8	0	0	0	6	11	11	11	11	8	0	0	0	0	7	11	21	0	0	0	11	8	0	11	11	0	0	11	0	0	0	0	11	12	0	0	0	0	11	11	0	0	0	0	11	0	0	0	0	0	0	0	12	0	11	11	11	0	0	0	0	0	0	12	12	12	0	0	0	0	0	0	0	11	11	11	11	11	0	0	0	0	0	0	0	0	0	11	0	0	0	8	0	0	11	11	0	0	0	0	12	12	12	12	0	0	0	0	0	0	11	11	0	0	0	0	0	0	0	0	0	0	0	0	0	0	0	0	8	0	0	0	0	0	0	0	6	13	11
	0	12	13	13	14	8	9	7	7	6	6	8	40	17	8	14	11	9	10	0	0	11	11	18	13	13	12	14	12	9	12	12	12	11	11	11	11	11	0	0	11	11	13	11	14	0	11	0	0	11	11	11	11	10	8	0	0	0	6	11	11	11	11	8	0	0	0	0	7	11	21	0	0	0	11	8	0	11	11	0	0	11	0	0	0	0	11	12	0	0	0	0	11	11	0	0	0	0	11	0	0	0	0	0	0	0	12	0	11	11	11	0	0	0	0	0	0	12	12	12	0	0	0	0	0	0	0	11	11	11	11	11	0	0	0	0	0	0	0	0	0	11	0	0	0	8	0	0	11	11	0	0	0	0	12	12	12	12	0	0	0	0	0	0	11	11	0	0	0	0	0	0	0	0	0	0	0	0	0	0	0	0	8	0	0	0	0	0	0	0	6	13	11
	0	12	13	13	14	8	9	7	7	6	6	8	40	17	8	14	11	9	10	0	0	11	11	18	13	13	12	14	12	9	12	12	12	11	11	11	11	11	0	0	11	11	13	11	14	0	11	0	0	11	11	11	11	10	8	0	0	0	6	11	11	11	11	8	0	0	0	0	7	11	21	0	0	0	11	8	0	11	11	0	0	11	0	0	0	0	11	12	0	0	0	0	11	11	0	0	0	0	11	0	0	0	0	0	0	0	12	0	11	11	11	0	0	0	0	0	0	12	12	12	0	0	0	0	0	0	0	11	11	11	11	11	0	0	0	0	0	0	0	0	0	11	0	0	0	8	0	0	11	11	0	0	0	0	12	12	12	12	0	0	0	0	0	0	11	11	0	0	0	0	0	0	0	0	0	0	0	0	0	0	0	0	8	0	0	0	0	0	0	0	6	13	11
	11	10	11	11	8	11	9	9	9	9	9	8	43	20	11	14	11	8	5	11	11	0	0	14	9	9	8	10	12	8	8	8	8	6	0	0	0	0	11	11	0	0	9	7	8	11	0	11	11	0	0	0	0	7	10	11	11	11	9	0	0	0	0	3	11	11	11	11	9	9	23	11	11	11	0	11	11	0	0	11	11	0	11	11	11	11	0	8	11	11	11	11	0	0	11	11	11	11	0	11	11	11	11	11	11	11	8	11	0	0	0	11	11	11	11	11	11	8	8	8	11	11	11	11	11	11	11	0	0	0	0	0	11	11	11	11	11	11	11	11	11	0	11	11	11	12	11	11	0	0	11	11	11	11	8	8	8	8	11	11	11	11	11	11	0	0	11	11	11	11	11	11	11	11	11	11	11	11	11	11	11	11	3	11	11	11	11	11	11	11	9	11	0
	11	10	11	11	8	11	9	9	9	9	9	8	43	20	11	14	11	8	5	11	11	0	0	14	9	9	8	10	12	8	8	8	8	6	0	0	0	0	11	11	0	0	9	7	8	11	0	11	11	0	0	0	0	7	10	11	11	11	9	0	0	0	0	3	11	11	11	11	9	9	23	11	11	11	0	11	11	0	0	11	11	0	11	11	11	11	0	8	11	11	11	11	0	0	11	11	11	11	0	11	11	11	11	11	11	11	8	11	0	0	0	11	11	11	11	11	11	8	8	8	11	11	11	11	11	11	11	0	0	0	0	0	11	11	11	11	11	11	11	11	11	0	11	11	11	12	11	11	0	0	11	11	11	11	8	8	8	8	11	11	11	11	11	11	0	0	11	11	11	11	11	11	11	11	11	11	11	11	11	11	11	11	3	11	11	11	11	11	11	11	9	11	0
	11	10	11	11	8	11	9	9	9	9	9	8	43	20	11	14	11	8	5	11	11	0	0	14	9	9	8	10	12	8	8	8	8	6	0	0	0	0	11	11	0	0	9	7	8	11	0	11	11	0	0	0	0	7	10	11	11	11	9	0	0	0	0	3	11	11	11	11	9	9	23	11	11	11	0	11	11	0	0	11	11	0	11	11	11	11	0	8	11	11	11	11	0	0	11	11	11	11	0	11	11	11	11	11	11	11	8	11	0	0	0	11	11	11	11	11	11	8	8	8	11	11	11	11	11	11	11	0	0	0	0	0	11	11	11	11	11	11	11	11	11	0	11	11	11	12	11	11	0	0	11	11	11	11	8	8	8	8	11	11	11	11	11	11	0	0	11	11	11	11	11	11	11	11	11	11	11	11	11	11	11	11	3	11	11	11	11	11	11	11	9	11	0
	11	10	11	11	8	11	9	9	9	9	9	8	43	20	11	14	11	8	5	11	11	0	0	14	9	9	8	10	12	8	8	8	8	6	0	0	0	0	11	11	0	0	9	7	8	11	0	11	11	0	0	0	0	7	10	11	11	11	9	0	0	0	0	3	11	11	11	11	9	9	23	11	11	11	0	11	11	0	0	11	11	0	11	11	11	11	0	8	11	11	11	11	0	0	11	11	11	11	0	11	11	11	11	11	11	11	8	11	0	0	0	11	11	11	11	11	11	8	8	8	11	11	11	11	11	11	11	0	0	0	0	0	11	11	11	11	11	11	11	11	11	0	11	11	11	12	11	11	0	0	11	11	11	11	8	8	8	8	11	11	11	11	11	11	0	0	11	11	11	11	11	11	11	11	11	11	11	11	11	11	11	11	3	11	11	11	11	11	11	11	9	11	0
	11	10	11	11	8	11	9	9	9	9	9	8	43	20	11	14	11	8	5	11	11	0	0	14	9	9	8	10	12	8	8	8	8	6	0	0	0	0	11	11	0	0	9	7	8	11	0	11	11	0	0	0	0	7	10	11	11	11	9	0	0	0	0	3	11	11	11	11	9	9	23	11	11	11	0	11	11	0	0	11	11	0	11	11	11	11	0	8	11	11	11	11	0	0	11	11	11	11	0	11	11	11	11	11	11	11	8	11	0	0	0	11	11	11	11	11	11	8	8	8	11	11	11	11	11	11	11	0	0	0	0	0	11	11	11	11	11	11	11	11	11	0	11	11	11	12	11	11	0	0	11	11	11	11	8	8	8	8	11	11	11	11	11	11	0	0	11	11	11	11	11	11	11	11	11	11	11	11	11	11	11	11	3	11	11	11	11	11	11	11	9	11	0
	0	12	13	13	14	8	9	7	7	6	6	8	40	17	8	14	11	9	10	0	0	11	11	18	13	13	12	14	12	9	12	12	12	11	11	11	11	11	0	0	11	11	13	11	14	0	11	0	0	11	11	11	11	10	8	0	0	0	6	11	11	11	11	8	0	0	0	0	7	11	21	0	0	0	11	8	0	11	11	0	0	11	0	0	0	0	11	12	0	0	0	0	11	11	0	0	0	0	11	0	0	0	0	0	0	0	12	0	11	11	11	0	0	0	0	0	0	12	12	12	0	0	0	0	0	0	0	11	11	11	11	11	0	0	0	0	0	0	0	0	0	11	0	0	0	8	0	0	11	11	0	0	0	0	12	12	12	12	0	0	0	0	0	0	11	11	0	0	0	0	0	0	0	0	0	0	0	0	0	0	0	0	8	0	0	0	0	0	0	0	6	13	11
	0	12	13	13	14	8	9	7	7	6	6	8	40	17	8	14	11	9	10	0	0	11	11	18	13	13	12	14	12	9	12	12	12	11	11	11	11	11	0	0	11	11	13	11	14	0	11	0	0	11	11	11	11	10	8	0	0	0	6	11	11	11	11	8	0	0	0	0	7	11	21	0	0	0	11	8	0	11	11	0	0	11	0	0	0	0	11	12	0	0	0	0	11	11	0	0	0	0	11	0	0	0	0	0	0	0	12	0	11	11	11	0	0	0	0	0	0	12	12	12	0	0	0	0	0	0	0	11	11	11	11	11	0	0	0	0	0	0	0	0	0	11	0	0	0	8	0	0	11	11	0	0	0	0	12	12	12	12	0	0	0	0	0	0	11	11	0	0	0	0	0	0	0	0	0	0	0	0	0	0	0	0	8	0	0	0	0	0	0	0	6	13	11
	0	12	13	13	14	8	9	7	7	6	6	8	40	17	8	14	11	9	10	0	0	11	11	18	13	13	12	14	12	9	12	12	12	11	11	11	11	11	0	0	11	11	13	11	14	0	11	0	0	11	11	11	11	10	8	0	0	0	6	11	11	11	11	8	0	0	0	0	7	11	21	0	0	0	11	8	0	11	11	0	0	11	0	0	0	0	11	12	0	0	0	0	11	11	0	0	0	0	11	0	0	0	0	0	0	0	12	0	11	11	11	0	0	0	0	0	0	12	12	12	0	0	0	0	0	0	0	11	11	11	11	11	0	0	0	0	0	0	0	0	0	11	0	0	0	8	0	0	11	11	0	0	0	0	12	12	12	12	0	0	0	0	0	0	11	11	0	0	0	0	0	0	0	0	0	0	0	0	0	0	0	0	8	0	0	0	0	0	0	0	6	13	11
	0	12	13	13	14	8	9	7	7	6	6	8	40	17	8	14	11	9	10	0	0	11	11	18	13	13	12	14	12	9	12	12	12	11	11	11	11	11	0	0	11	11	13	11	14	0	11	0	0	11	11	11	11	10	8	0	0	0	6	11	11	11	11	8	0	0	0	0	7	11	21	0	0	0	11	8	0	11	11	0	0	11	0	0	0	0	11	12	0	0	0	0	11	11	0	0	0	0	11	0	0	0	0	0	0	0	12	0	11	11	11	0	0	0	0	0	0	12	12	12	0	0	0	0	0	0	0	11	11	11	11	11	0	0	0	0	0	0	0	0	0	11	0	0	0	8	0	0	11	11	0	0	0	0	12	12	12	12	0	0	0	0	0	0	11	11	0	0	0	0	0	0	0	0	0	0	0	0	0	0	0	0	8	0	0	0	0	0	0	0	6	13	11
	0	12	13	13	14	8	9	7	7	6	6	8	40	17	8	14	11	9	10	0	0	11	11	18	13	13	12	14	12	9	12	12	12	11	11	11	11	11	0	0	11	11	13	11	14	0	11	0	0	11	11	11	11	10	8	0	0	0	6	11	11	11	11	8	0	0	0	0	7	11	21	0	0	0	11	8	0	11	11	0	0	11	0	0	0	0	11	12	0	0	0	0	11	11	0	0	0	0	11	0	0	0	0	0	0	0	12	0	11	11	11	0	0	0	0	0	0	12	12	12	0	0	0	0	0	0	0	11	11	11	11	11	0	0	0	0	0	0	0	0	0	11	0	0	0	8	0	0	11	11	0	0	0	0	12	12	12	12	0	0	0	0	0	0	11	11	0	0	0	0	0	0	0	0	0	0	0	0	0	0	0	0	8	0	0	0	0	0	0	0	6	13	11
	0	12	13	13	14	8	9	7	7	6	6	8	40	17	8	14	11	9	10	0	0	11	11	18	13	13	12	14	12	9	12	12	12	11	11	11	11	11	0	0	11	11	13	11	14	0	11	0	0	11	11	11	11	10	8	0	0	0	6	11	11	11	11	8	0	0	0	0	7	11	21	0	0	0	11	8	0	11	11	0	0	11	0	0	0	0	11	12	0	0	0	0	11	11	0	0	0	0	11	0	0	0	0	0	0	0	12	0	11	11	11	0	0	0	0	0	0	12	12	12	0	0	0	0	0	0	0	11	11	11	11	11	0	0	0	0	0	0	0	0	0	11	0	0	0	8	0	0	11	11	0	0	0	0	12	12	12	12	0	0	0	0	0	0	11	11	0	0	0	0	0	0	0	0	0	0	0	0	0	0	0	0	8	0	0	0	0	0	0	0	6	13	11
	0	12	13	13	14	8	9	7	7	6	6	8	40	17	8	14	11	9	10	0	0	11	11	18	13	13	12	14	12	9	12	12	12	11	11	11	11	11	0	0	11	11	13	11	14	0	11	0	0	11	11	11	11	10	8	0	0	0	6	11	11	11	11	8	0	0	0	0	7	11	21	0	0	0	11	8	0	11	11	0	0	11	0	0	0	0	11	12	0	0	0	0	11	11	0	0	0	0	11	0	0	0	0	0	0	0	12	0	11	11	11	0	0	0	0	0	0	12	12	12	0	0	0	0	0	0	0	11	11	11	11	11	0	0	0	0	0	0	0	0	0	11	0	0	0	8	0	0	11	11	0	0	0	0	12	12	12	12	0	0	0	0	0	0	11	11	0	0	0	0	0	0	0	0	0	0	0	0	0	0	0	0	8	0	0	0	0	0	0	0	6	13	11
	0	12	13	13	14	8	9	7	7	6	6	8	40	17	8	14	11	9	10	0	0	11	11	18	13	13	12	14	12	9	12	12	12	11	11	11	11	11	0	0	11	11	13	11	14	0	11	0	0	11	11	11	11	10	8	0	0	0	6	11	11	11	11	8	0	0	0	0	7	11	21	0	0	0	11	8	0	11	11	0	0	11	0	0	0	0	11	12	0	0	0	0	11	11	0	0	0	0	11	0	0	0	0	0	0	0	12	0	11	11	11	0	0	0	0	0	0	12	12	12	0	0	0	0	0	0	0	11	11	11	11	11	0	0	0	0	0	0	0	0	0	11	0	0	0	8	0	0	11	11	0	0	0	0	12	12	12	12	0	0	0	0	0	0	11	11	0	0	0	0	0	0	0	0	0	0	0	0	0	0	0	0	8	0	0	0	0	0	0	0	6	13	11
	0	12	13	13	14	8	9	7	7	6	6	8	40	17	8	14	11	9	10	0	0	11	11	18	13	13	12	14	12	9	12	12	12	11	11	11	11	11	0	0	11	11	13	11	14	0	11	0	0	11	11	11	11	10	8	0	0	0	6	11	11	11	11	8	0	0	0	0	7	11	21	0	0	0	11	8	0	11	11	0	0	11	0	0	0	0	11	12	0	0	0	0	11	11	0	0	0	0	11	0	0	0	0	0	0	0	12	0	11	11	11	0	0	0	0	0	0	12	12	12	0	0	0	0	0	0	0	11	11	11	11	11	0	0	0	0	0	0	0	0	0	11	0	0	0	8	0	0	11	11	0	0	0	0	12	12	12	12	0	0	0	0	0	0	11	11	0	0	0	0	0	0	0	0	0	0	0	0	0	0	0	0	8	0	0	0	0	0	0	0	6	13	11
	11	10	11	11	8	11	9	9	9	9	9	8	43	20	11	14	11	8	5	11	11	0	0	14	9	9	8	10	12	8	8	8	8	6	0	0	0	0	11	11	0	0	9	7	8	11	0	11	11	0	0	0	0	7	10	11	11	11	9	0	0	0	0	3	11	11	11	11	9	9	23	11	11	11	0	11	11	0	0	11	11	0	11	11	11	11	0	8	11	11	11	11	0	0	11	11	11	11	0	11	11	11	11	11	11	11	8	11	0	0	0	11	11	11	11	11	11	8	8	8	11	11	11	11	11	11	11	0	0	0	0	0	11	11	11	11	11	11	11	11	11	0	11	11	11	12	11	11	0	0	11	11	11	11	8	8	8	8	11	11	11	11	11	11	0	0	11	11	11	11	11	11	11	11	11	11	11	11	11	11	11	11	3	11	11	11	11	11	11	11	9	11	0
	0	12	13	13	14	8	9	7	7	6	6	8	40	17	8	14	11	9	10	0	0	11	11	18	13	13	12	14	12	9	12	12	12	11	11	11	11	11	0	0	11	11	13	11	14	0	11	0	0	11	11	11	11	10	8	0	0	0	6	11	11	11	11	8	0	0	0	0	7	11	21	0	0	0	11	8	0	11	11	0	0	11	0	0	0	0	11	12	0	0	0	0	11	11	0	0	0	0	11	0	0	0	0	0	0	0	12	0	11	11	11	0	0	0	0	0	0	12	12	12	0	0	0	0	0	0	0	11	11	11	11	11	0	0	0	0	0	0	0	0	0	11	0	0	0	8	0	0	11	11	0	0	0	0	12	12	12	12	0	0	0	0	0	0	11	11	0	0	0	0	0	0	0	0	0	0	0	0	0	0	0	0	8	0	0	0	0	0	0	0	6	13	11
	0	12	13	13	14	8	9	7	7	6	6	8	40	17	8	14	11	9	10	0	0	11	11	18	13	13	12	14	12	9	12	12	12	11	11	11	11	11	0	0	11	11	13	11	14	0	11	0	0	11	11	11	11	10	8	0	0	0	6	11	11	11	11	8	0	0	0	0	7	11	21	0	0	0	11	8	0	11	11	0	0	11	0	0	0	0	11	12	0	0	0	0	11	11	0	0	0	0	11	0	0	0	0	0	0	0	12	0	11	11	11	0	0	0	0	0	0	12	12	12	0	0	0	0	0	0	0	11	11	11	11	11	0	0	0	0	0	0	0	0	0	11	0	0	0	8	0	0	11	11	0	0	0	0	12	12	12	12	0	0	0	0	0	0	11	11	0	0	0	0	0	0	0	0	0	0	0	0	0	0	0	0	8	0	0	0	0	0	0	0	6	13	11
	0	12	13	13	14	8	9	7	7	6	6	8	40	17	8	14	11	9	10	0	0	11	11	18	13	13	12	14	12	9	12	12	12	11	11	11	11	11	0	0	11	11	13	11	14	0	11	0	0	11	11	11	11	10	8	0	0	0	6	11	11	11	11	8	0	0	0	0	7	11	21	0	0	0	11	8	0	11	11	0	0	11	0	0	0	0	11	12	0	0	0	0	11	11	0	0	0	0	11	0	0	0	0	0	0	0	12	0	11	11	11	0	0	0	0	0	0	12	12	12	0	0	0	0	0	0	0	11	11	11	11	11	0	0	0	0	0	0	0	0	0	11	0	0	0	8	0	0	11	11	0	0	0	0	12	12	12	12	0	0	0	0	0	0	11	11	0	0	0	0	0	0	0	0	0	0	0	0	0	0	0	0	8	0	0	0	0	0	0	0	6	13	11
	8	16	18	17	15	10	12	9	9	8	7	8	37	14	4	10	12	11	11	8	8	12	12	20	19	17	16	16	16	11	15	15	15	12	12	12	12	12	8	8	12	12	17	15	15	8	12	8	8	12	12	12	12	11	9	8	8	8	9	12	12	12	12	12	8	8	8	8	10	13	17	8	8	8	12	7	8	12	12	8	8	12	8	8	8	8	12	15	8	8	8	8	12	12	8	8	8	8	12	8	8	8	8	8	8	8	15	8	12	12	12	8	8	8	8	8	8	15	15	15	8	8	8	8	8	8	8	12	12	12	12	12	8	8	8	8	8	8	8	8	8	12	8	8	8	0	8	8	12	12	8	8	8	8	15	15	15	15	8	8	8	8	8	8	12	12	8	8	8	8	8	8	8	8	8	8	8	8	8	8	8	8	12	8	8	8	8	8	8	8	7	16	12
	0	12	13	13	14	8	9	7	7	6	6	8	40	17	8	14	11	9	10	0	0	11	11	18	13	13	12	14	12	9	12	12	12	11	11	11	11	11	0	0	11	11	13	11	14	0	11	0	0	11	11	11	11	10	8	0	0	0	6	11	11	11	11	8	0	0	0	0	7	11	21	0	0	0	11	8	0	11	11	0	0	11	0	0	0	0	11	12	0	0	0	0	11	11	0	0	0	0	11	0	0	0	0	0	0	0	12	0	11	11	11	0	0	0	0	0	0	12	12	12	0	0	0	0	0	0	0	11	11	11	11	11	0	0	0	0	0	0	0	0	0	11	0	0	0	8	0	0	11	11	0	0	0	0	12	12	12	12	0	0	0	0	0	0	11	11	0	0	0	0	0	0	0	0	0	0	0	0	0	0	0	0	8	0	0	0	0	0	0	0	6	13	11
	0	12	13	13	14	8	9	7	7	6	6	8	40	17	8	14	11	9	10	0	0	11	11	18	13	13	12	14	12	9	12	12	12	11	11	11	11	11	0	0	11	11	13	11	14	0	11	0	0	11	11	11	11	10	8	0	0	0	6	11	11	11	11	8	0	0	0	0	7	11	21	0	0	0	11	8	0	11	11	0	0	11	0	0	0	0	11	12	0	0	0	0	11	11	0	0	0	0	11	0	0	0	0	0	0	0	12	0	11	11	11	0	0	0	0	0	0	12	12	12	0	0	0	0	0	0	0	11	11	11	11	11	0	0	0	0	0	0	0	0	0	11	0	0	0	8	0	0	11	11	0	0	0	0	12	12	12	12	0	0	0	0	0	0	11	11	0	0	0	0	0	0	0	0	0	0	0	0	0	0	0	0	8	0	0	0	0	0	0	0	6	13	11
	11	10	11	11	8	11	9	9	9	9	9	8	43	20	11	14	11	8	5	11	11	0	0	14	9	9	8	10	12	8	8	8	8	6	0	0	0	0	11	11	0	0	9	7	8	11	0	11	11	0	0	0	0	7	10	11	11	11	9	0	0	0	0	3	11	11	11	11	9	9	23	11	11	11	0	11	11	0	0	11	11	0	11	11	11	11	0	8	11	11	11	11	0	0	11	11	11	11	0	11	11	11	11	11	11	11	8	11	0	0	0	11	11	11	11	11	11	8	8	8	11	11	11	11	11	11	11	0	0	0	0	0	11	11	11	11	11	11	11	11	11	0	11	11	11	12	11	11	0	0	11	11	11	11	8	8	8	8	11	11	11	11	11	11	0	0	11	11	11	11	11	11	11	11	11	11	11	11	11	11	11	11	3	11	11	11	11	11	11	11	9	11	0
	11	10	11	11	8	11	9	9	9	9	9	8	43	20	11	14	11	8	5	11	11	0	0	14	9	9	8	10	12	8	8	8	8	6	0	0	0	0	11	11	0	0	9	7	8	11	0	11	11	0	0	0	0	7	10	11	11	11	9	0	0	0	0	3	11	11	11	11	9	9	23	11	11	11	0	11	11	0	0	11	11	0	11	11	11	11	0	8	11	11	11	11	0	0	11	11	11	11	0	11	11	11	11	11	11	11	8	11	0	0	0	11	11	11	11	11	11	8	8	8	11	11	11	11	11	11	11	0	0	0	0	0	11	11	11	11	11	11	11	11	11	0	11	11	11	12	11	11	0	0	11	11	11	11	8	8	8	8	11	11	11	11	11	11	0	0	11	11	11	11	11	11	11	11	11	11	11	11	11	11	11	11	3	11	11	11	11	11	11	11	9	11	0
	0	12	13	13	14	8	9	7	7	6	6	8	40	17	8	14	11	9	10	0	0	11	11	18	13	13	12	14	12	9	12	12	12	11	11	11	11	11	0	0	11	11	13	11	14	0	11	0	0	11	11	11	11	10	8	0	0	0	6	11	11	11	11	8	0	0	0	0	7	11	21	0	0	0	11	8	0	11	11	0	0	11	0	0	0	0	11	12	0	0	0	0	11	11	0	0	0	0	11	0	0	0	0	0	0	0	12	0	11	11	11	0	0	0	0	0	0	12	12	12	0	0	0	0	0	0	0	11	11	11	11	11	0	0	0	0	0	0	0	0	0	11	0	0	0	8	0	0	11	11	0	0	0	0	12	12	12	12	0	0	0	0	0	0	11	11	0	0	0	0	0	0	0	0	0	0	0	0	0	0	0	0	8	0	0	0	0	0	0	0	6	13	11
	0	12	13	13	14	8	9	7	7	6	6	8	40	17	8	14	11	9	10	0	0	11	11	18	13	13	12	14	12	9	12	12	12	11	11	11	11	11	0	0	11	11	13	11	14	0	11	0	0	11	11	11	11	10	8	0	0	0	6	11	11	11	11	8	0	0	0	0	7	11	21	0	0	0	11	8	0	11	11	0	0	11	0	0	0	0	11	12	0	0	0	0	11	11	0	0	0	0	11	0	0	0	0	0	0	0	12	0	11	11	11	0	0	0	0	0	0	12	12	12	0	0	0	0	0	0	0	11	11	11	11	11	0	0	0	0	0	0	0	0	0	11	0	0	0	8	0	0	11	11	0	0	0	0	12	12	12	12	0	0	0	0	0	0	11	11	0	0	0	0	0	0	0	0	0	0	0	0	0	0	0	0	8	0	0	0	0	0	0	0	6	13	11
	0	12	13	13	14	8	9	7	7	6	6	8	40	17	8	14	11	9	10	0	0	11	11	18	13	13	12	14	12	9	12	12	12	11	11	11	11	11	0	0	11	11	13	11	14	0	11	0	0	11	11	11	11	10	8	0	0	0	6	11	11	11	11	8	0	0	0	0	7	11	21	0	0	0	11	8	0	11	11	0	0	11	0	0	0	0	11	12	0	0	0	0	11	11	0	0	0	0	11	0	0	0	0	0	0	0	12	0	11	11	11	0	0	0	0	0	0	12	12	12	0	0	0	0	0	0	0	11	11	11	11	11	0	0	0	0	0	0	0	0	0	11	0	0	0	8	0	0	11	11	0	0	0	0	12	12	12	12	0	0	0	0	0	0	11	11	0	0	0	0	0	0	0	0	0	0	0	0	0	0	0	0	8	0	0	0	0	0	0	0	6	13	11
	0	12	13	13	14	8	9	7	7	6	6	8	40	17	8	14	11	9	10	0	0	11	11	18	13	13	12	14	12	9	12	12	12	11	11	11	11	11	0	0	11	11	13	11	14	0	11	0	0	11	11	11	11	10	8	0	0	0	6	11	11	11	11	8	0	0	0	0	7	11	21	0	0	0	11	8	0	11	11	0	0	11	0	0	0	0	11	12	0	0	0	0	11	11	0	0	0	0	11	0	0	0	0	0	0	0	12	0	11	11	11	0	0	0	0	0	0	12	12	12	0	0	0	0	0	0	0	11	11	11	11	11	0	0	0	0	0	0	0	0	0	11	0	0	0	8	0	0	11	11	0	0	0	0	12	12	12	12	0	0	0	0	0	0	11	11	0	0	0	0	0	0	0	0	0	0	0	0	0	0	0	0	8	0	0	0	0	0	0	0	6	13	11
	12	5	7	5	3	11	8	9	9	13	9	9	39	18	14	15	12	11	6	12	12	8	8	12	7	7	6	6	11	7	0	0	0	7	8	8	8	8	12	12	8	8	7	3	3	12	8	12	12	8	8	8	8	7	11	12	12	12	10	8	8	8	8	5	12	12	12	12	8	9	18	12	12	12	8	13	12	8	8	12	12	8	12	12	12	12	8	0	12	12	12	12	8	8	12	12	12	12	8	12	12	12	12	12	12	12	0	12	8	8	8	12	12	12	12	12	12	0	0	0	12	12	12	12	12	12	12	8	8	8	8	8	12	12	12	12	12	12	12	12	12	8	12	12	12	15	12	12	8	8	12	12	12	12	0	0	0	0	12	12	12	12	12	12	8	8	12	12	12	12	12	12	12	12	12	12	12	12	12	12	12	12	5	12	12	12	12	12	12	12	11	9	8
	12	5	7	5	3	11	8	9	9	13	9	9	39	18	14	15	12	11	6	12	12	8	8	12	7	7	6	6	11	7	0	0	0	7	8	8	8	8	12	12	8	8	7	3	3	12	8	12	12	8	8	8	8	7	11	12	12	12	10	8	8	8	8	5	12	12	12	12	8	9	18	12	12	12	8	13	12	8	8	12	12	8	12	12	12	12	8	0	12	12	12	12	8	8	12	12	12	12	8	12	12	12	12	12	12	12	0	12	8	8	8	12	12	12	12	12	12	0	0	0	12	12	12	12	12	12	12	8	8	8	8	8	12	12	12	12	12	12	12	12	12	8	12	12	12	15	12	12	8	8	12	12	12	12	0	0	0	0	12	12	12	12	12	12	8	8	12	12	12	12	12	12	12	12	12	12	12	12	12	12	12	12	5	12	12	12	12	12	12	12	11	9	8
	12	5	7	5	3	11	8	9	9	13	9	9	39	18	14	15	12	11	6	12	12	8	8	12	7	7	6	6	11	7	0	0	0	7	8	8	8	8	12	12	8	8	7	3	3	12	8	12	12	8	8	8	8	7	11	12	12	12	10	8	8	8	8	5	12	12	12	12	8	9	18	12	12	12	8	13	12	8	8	12	12	8	12	12	12	12	8	0	12	12	12	12	8	8	12	12	12	12	8	12	12	12	12	12	12	12	0	12	8	8	8	12	12	12	12	12	12	0	0	0	12	12	12	12	12	12	12	8	8	8	8	8	12	12	12	12	12	12	12	12	12	8	12	12	12	15	12	12	8	8	12	12	12	12	0	0	0	0	12	12	12	12	12	12	8	8	12	12	12	12	12	12	12	12	12	12	12	12	12	12	12	12	5	12	12	12	12	12	12	12	11	9	8
	12	5	7	5	3	11	8	9	9	13	9	9	39	18	14	15	12	11	6	12	12	8	8	12	7	7	6	6	11	7	0	0	0	7	8	8	8	8	12	12	8	8	7	3	3	12	8	12	12	8	8	8	8	7	11	12	12	12	10	8	8	8	8	5	12	12	12	12	8	9	18	12	12	12	8	13	12	8	8	12	12	8	12	12	12	12	8	0	12	12	12	12	8	8	12	12	12	12	8	12	12	12	12	12	12	12	0	12	8	8	8	12	12	12	12	12	12	0	0	0	12	12	12	12	12	12	12	8	8	8	8	8	12	12	12	12	12	12	12	12	12	8	12	12	12	15	12	12	8	8	12	12	12	12	0	0	0	0	12	12	12	12	12	12	8	8	12	12	12	12	12	12	12	12	12	12	12	12	12	12	12	12	5	12	12	12	12	12	12	12	11	9	8
	0	12	13	13	14	8	9	7	7	6	6	8	40	17	8	14	11	9	10	0	0	11	11	18	13	13	12	14	12	9	12	12	12	11	11	11	11	11	0	0	11	11	13	11	14	0	11	0	0	11	11	11	11	10	8	0	0	0	6	11	11	11	11	8	0	0	0	0	7	11	21	0	0	0	11	8	0	11	11	0	0	11	0	0	0	0	11	12	0	0	0	0	11	11	0	0	0	0	11	0	0	0	0	0	0	0	12	0	11	11	11	0	0	0	0	0	0	12	12	12	0	0	0	0	0	0	0	11	11	11	11	11	0	0	0	0	0	0	0	0	0	11	0	0	0	8	0	0	11	11	0	0	0	0	12	12	12	12	0	0	0	0	0	0	11	11	0	0	0	0	0	0	0	0	0	0	0	0	0	0	0	0	8	0	0	0	0	0	0	0	6	13	11
	0	12	13	13	14	8	9	7	7	6	6	8	40	17	8	14	11	9	10	0	0	11	11	18	13	13	12	14	12	9	12	12	12	11	11	11	11	11	0	0	11	11	13	11	14	0	11	0	0	11	11	11	11	10	8	0	0	0	6	11	11	11	11	8	0	0	0	0	7	11	21	0	0	0	11	8	0	11	11	0	0	11	0	0	0	0	11	12	0	0	0	0	11	11	0	0	0	0	11	0	0	0	0	0	0	0	12	0	11	11	11	0	0	0	0	0	0	12	12	12	0	0	0	0	0	0	0	11	11	11	11	11	0	0	0	0	0	0	0	0	0	11	0	0	0	8	0	0	11	11	0	0	0	0	12	12	12	12	0	0	0	0	0	0	11	11	0	0	0	0	0	0	0	0	0	0	0	0	0	0	0	0	8	0	0	0	0	0	0	0	6	13	11
	0	12	13	13	14	8	9	7	7	6	6	8	40	17	8	14	11	9	10	0	0	11	11	18	13	13	12	14	12	9	12	12	12	11	11	11	11	11	0	0	11	11	13	11	14	0	11	0	0	11	11	11	11	10	8	0	0	0	6	11	11	11	11	8	0	0	0	0	7	11	21	0	0	0	11	8	0	11	11	0	0	11	0	0	0	0	11	12	0	0	0	0	11	11	0	0	0	0	11	0	0	0	0	0	0	0	12	0	11	11	11	0	0	0	0	0	0	12	12	12	0	0	0	0	0	0	0	11	11	11	11	11	0	0	0	0	0	0	0	0	0	11	0	0	0	8	0	0	11	11	0	0	0	0	12	12	12	12	0	0	0	0	0	0	11	11	0	0	0	0	0	0	0	0	0	0	0	0	0	0	0	0	8	0	0	0	0	0	0	0	6	13	11
	0	12	13	13	14	8	9	7	7	6	6	8	40	17	8	14	11	9	10	0	0	11	11	18	13	13	12	14	12	9	12	12	12	11	11	11	11	11	0	0	11	11	13	11	14	0	11	0	0	11	11	11	11	10	8	0	0	0	6	11	11	11	11	8	0	0	0	0	7	11	21	0	0	0	11	8	0	11	11	0	0	11	0	0	0	0	11	12	0	0	0	0	11	11	0	0	0	0	11	0	0	0	0	0	0	0	12	0	11	11	11	0	0	0	0	0	0	12	12	12	0	0	0	0	0	0	0	11	11	11	11	11	0	0	0	0	0	0	0	0	0	11	0	0	0	8	0	0	11	11	0	0	0	0	12	12	12	12	0	0	0	0	0	0	11	11	0	0	0	0	0	0	0	0	0	0	0	0	0	0	0	0	8	0	0	0	0	0	0	0	6	13	11
	0	12	13	13	14	8	9	7	7	6	6	8	40	17	8	14	11	9	10	0	0	11	11	18	13	13	12	14	12	9	12	12	12	11	11	11	11	11	0	0	11	11	13	11	14	0	11	0	0	11	11	11	11	10	8	0	0	0	6	11	11	11	11	8	0	0	0	0	7	11	21	0	0	0	11	8	0	11	11	0	0	11	0	0	0	0	11	12	0	0	0	0	11	11	0	0	0	0	11	0	0	0	0	0	0	0	12	0	11	11	11	0	0	0	0	0	0	12	12	12	0	0	0	0	0	0	0	11	11	11	11	11	0	0	0	0	0	0	0	0	0	11	0	0	0	8	0	0	11	11	0	0	0	0	12	12	12	12	0	0	0	0	0	0	11	11	0	0	0	0	0	0	0	0	0	0	0	0	0	0	0	0	8	0	0	0	0	0	0	0	6	13	11
	0	12	13	13	14	8	9	7	7	6	6	8	40	17	8	14	11	9	10	0	0	11	11	18	13	13	12	14	12	9	12	12	12	11	11	11	11	11	0	0	11	11	13	11	14	0	11	0	0	11	11	11	11	10	8	0	0	0	6	11	11	11	11	8	0	0	0	0	7	11	21	0	0	0	11	8	0	11	11	0	0	11	0	0	0	0	11	12	0	0	0	0	11	11	0	0	0	0	11	0	0	0	0	0	0	0	12	0	11	11	11	0	0	0	0	0	0	12	12	12	0	0	0	0	0	0	0	11	11	11	11	11	0	0	0	0	0	0	0	0	0	11	0	0	0	8	0	0	11	11	0	0	0	0	12	12	12	12	0	0	0	0	0	0	11	11	0	0	0	0	0	0	0	0	0	0	0	0	0	0	0	0	8	0	0	0	0	0	0	0	6	13	11
	11	10	11	11	8	11	9	9	9	9	9	8	43	20	11	14	11	8	5	11	11	0	0	14	9	9	8	10	12	8	8	8	8	6	0	0	0	0	11	11	0	0	9	7	8	11	0	11	11	0	0	0	0	7	10	11	11	11	9	0	0	0	0	3	11	11	11	11	9	9	23	11	11	11	0	11	11	0	0	11	11	0	11	11	11	11	0	8	11	11	11	11	0	0	11	11	11	11	0	11	11	11	11	11	11	11	8	11	0	0	0	11	11	11	11	11	11	8	8	8	11	11	11	11	11	11	11	0	0	0	0	0	11	11	11	11	11	11	11	11	11	0	11	11	11	12	11	11	0	0	11	11	11	11	8	8	8	8	11	11	11	11	11	11	0	0	11	11	11	11	11	11	11	11	11	11	11	11	11	11	11	11	3	11	11	11	11	11	11	11	9	11	0
	11	10	11	11	8	11	9	9	9	9	9	8	43	20	11	14	11	8	5	11	11	0	0	14	9	9	8	10	12	8	8	8	8	6	0	0	0	0	11	11	0	0	9	7	8	11	0	11	11	0	0	0	0	7	10	11	11	11	9	0	0	0	0	3	11	11	11	11	9	9	23	11	11	11	0	11	11	0	0	11	11	0	11	11	11	11	0	8	11	11	11	11	0	0	11	11	11	11	0	11	11	11	11	11	11	11	8	11	0	0	0	11	11	11	11	11	11	8	8	8	11	11	11	11	11	11	11	0	0	0	0	0	11	11	11	11	11	11	11	11	11	0	11	11	11	12	11	11	0	0	11	11	11	11	8	8	8	8	11	11	11	11	11	11	0	0	11	11	11	11	11	11	11	11	11	11	11	11	11	11	11	11	3	11	11	11	11	11	11	11	9	11	0
	0	12	13	13	14	8	9	7	7	6	6	8	40	17	8	14	11	9	10	0	0	11	11	18	13	13	12	14	12	9	12	12	12	11	11	11	11	11	0	0	11	11	13	11	14	0	11	0	0	11	11	11	11	10	8	0	0	0	6	11	11	11	11	8	0	0	0	0	7	11	21	0	0	0	11	8	0	11	11	0	0	11	0	0	0	0	11	12	0	0	0	0	11	11	0	0	0	0	11	0	0	0	0	0	0	0	12	0	11	11	11	0	0	0	0	0	0	12	12	12	0	0	0	0	0	0	0	11	11	11	11	11	0	0	0	0	0	0	0	0	0	11	0	0	0	8	0	0	11	11	0	0	0	0	12	12	12	12	0	0	0	0	0	0	11	11	0	0	0	0	0	0	0	0	0	0	0	0	0	0	0	0	8	0	0	0	0	0	0	0	6	13	11
	0	12	13	13	14	8	9	7	7	6	6	8	40	17	8	14	11	9	10	0	0	11	11	18	13	13	12	14	12	9	12	12	12	11	11	11	11	11	0	0	11	11	13	11	14	0	11	0	0	11	11	11	11	10	8	0	0	0	6	11	11	11	11	8	0	0	0	0	7	11	21	0	0	0	11	8	0	11	11	0	0	11	0	0	0	0	11	12	0	0	0	0	11	11	0	0	0	0	11	0	0	0	0	0	0	0	12	0	11	11	11	0	0	0	0	0	0	12	12	12	0	0	0	0	0	0	0	11	11	11	11	11	0	0	0	0	0	0	0	0	0	11	0	0	0	8	0	0	11	11	0	0	0	0	12	12	12	12	0	0	0	0	0	0	11	11	0	0	0	0	0	0	0	0	0	0	0	0	0	0	0	0	8	0	0	0	0	0	0	0	6	13	11
	0	12	13	13	14	8	9	7	7	6	6	8	40	17	8	14	11	9	10	0	0	11	11	18	13	13	12	14	12	9	12	12	12	11	11	11	11	11	0	0	11	11	13	11	14	0	11	0	0	11	11	11	11	10	8	0	0	0	6	11	11	11	11	8	0	0	0	0	7	11	21	0	0	0	11	8	0	11	11	0	0	11	0	0	0	0	11	12	0	0	0	0	11	11	0	0	0	0	11	0	0	0	0	0	0	0	12	0	11	11	11	0	0	0	0	0	0	12	12	12	0	0	0	0	0	0	0	11	11	11	11	11	0	0	0	0	0	0	0	0	0	11	0	0	0	8	0	0	11	11	0	0	0	0	12	12	12	12	0	0	0	0	0	0	11	11	0	0	0	0	0	0	0	0	0	0	0	0	0	0	0	0	8	0	0	0	0	0	0	0	6	13	11
	0	12	13	13	14	8	9	7	7	6	6	8	40	17	8	14	11	9	10	0	0	11	11	18	13	13	12	14	12	9	12	12	12	11	11	11	11	11	0	0	11	11	13	11	14	0	11	0	0	11	11	11	11	10	8	0	0	0	6	11	11	11	11	8	0	0	0	0	7	11	21	0	0	0	11	8	0	11	11	0	0	11	0	0	0	0	11	12	0	0	0	0	11	11	0	0	0	0	11	0	0	0	0	0	0	0	12	0	11	11	11	0	0	0	0	0	0	12	12	12	0	0	0	0	0	0	0	11	11	11	11	11	0	0	0	0	0	0	0	0	0	11	0	0	0	8	0	0	11	11	0	0	0	0	12	12	12	12	0	0	0	0	0	0	11	11	0	0	0	0	0	0	0	0	0	0	0	0	0	0	0	0	8	0	0	0	0	0	0	0	6	13	11
	0	12	13	13	14	8	9	7	7	6	6	8	40	17	8	14	11	9	10	0	0	11	11	18	13	13	12	14	12	9	12	12	12	11	11	11	11	11	0	0	11	11	13	11	14	0	11	0	0	11	11	11	11	10	8	0	0	0	6	11	11	11	11	8	0	0	0	0	7	11	21	0	0	0	11	8	0	11	11	0	0	11	0	0	0	0	11	12	0	0	0	0	11	11	0	0	0	0	11	0	0	0	0	0	0	0	12	0	11	11	11	0	0	0	0	0	0	12	12	12	0	0	0	0	0	0	0	11	11	11	11	11	0	0	0	0	0	0	0	0	0	11	0	0	0	8	0	0	11	11	0	0	0	0	12	12	12	12	0	0	0	0	0	0	11	11	0	0	0	0	0	0	0	0	0	0	0	0	0	0	0	0	8	0	0	0	0	0	0	0	6	13	11
	0	12	13	13	14	8	9	7	7	6	6	8	40	17	8	14	11	9	10	0	0	11	11	18	13	13	12	14	12	9	12	12	12	11	11	11	11	11	0	0	11	11	13	11	14	0	11	0	0	11	11	11	11	10	8	0	0	0	6	11	11	11	11	8	0	0	0	0	7	11	21	0	0	0	11	8	0	11	11	0	0	11	0	0	0	0	11	12	0	0	0	0	11	11	0	0	0	0	11	0	0	0	0	0	0	0	12	0	11	11	11	0	0	0	0	0	0	12	12	12	0	0	0	0	0	0	0	11	11	11	11	11	0	0	0	0	0	0	0	0	0	11	0	0	0	8	0	0	11	11	0	0	0	0	12	12	12	12	0	0	0	0	0	0	11	11	0	0	0	0	0	0	0	0	0	0	0	0	0	0	0	0	8	0	0	0	0	0	0	0	6	13	11
	0	12	13	13	14	8	9	7	7	6	6	8	40	17	8	14	11	9	10	0	0	11	11	18	13	13	12	14	12	9	12	12	12	11	11	11	11	11	0	0	11	11	13	11	14	0	11	0	0	11	11	11	11	10	8	0	0	0	6	11	11	11	11	8	0	0	0	0	7	11	21	0	0	0	11	8	0	11	11	0	0	11	0	0	0	0	11	12	0	0	0	0	11	11	0	0	0	0	11	0	0	0	0	0	0	0	12	0	11	11	11	0	0	0	0	0	0	12	12	12	0	0	0	0	0	0	0	11	11	11	11	11	0	0	0	0	0	0	0	0	0	11	0	0	0	8	0	0	11	11	0	0	0	0	12	12	12	12	0	0	0	0	0	0	11	11	0	0	0	0	0	0	0	0	0	0	0	0	0	0	0	0	8	0	0	0	0	0	0	0	6	13	11
	0	12	13	13	14	8	9	7	7	6	6	8	40	17	8	14	11	9	10	0	0	11	11	18	13	13	12	14	12	9	12	12	12	11	11	11	11	11	0	0	11	11	13	11	14	0	11	0	0	11	11	11	11	10	8	0	0	0	6	11	11	11	11	8	0	0	0	0	7	11	21	0	0	0	11	8	0	11	11	0	0	11	0	0	0	0	11	12	0	0	0	0	11	11	0	0	0	0	11	0	0	0	0	0	0	0	12	0	11	11	11	0	0	0	0	0	0	12	12	12	0	0	0	0	0	0	0	11	11	11	11	11	0	0	0	0	0	0	0	0	0	11	0	0	0	8	0	0	11	11	0	0	0	0	12	12	12	12	0	0	0	0	0	0	11	11	0	0	0	0	0	0	0	0	0	0	0	0	0	0	0	0	8	0	0	0	0	0	0	0	6	13	11
	0	12	13	13	14	8	9	7	7	6	6	8	40	17	8	14	11	9	10	0	0	11	11	18	13	13	12	14	12	9	12	12	12	11	11	11	11	11	0	0	11	11	13	11	14	0	11	0	0	11	11	11	11	10	8	0	0	0	6	11	11	11	11	8	0	0	0	0	7	11	21	0	0	0	11	8	0	11	11	0	0	11	0	0	0	0	11	12	0	0	0	0	11	11	0	0	0	0	11	0	0	0	0	0	0	0	12	0	11	11	11	0	0	0	0	0	0	12	12	12	0	0	0	0	0	0	0	11	11	11	11	11	0	0	0	0	0	0	0	0	0	11	0	0	0	8	0	0	11	11	0	0	0	0	12	12	12	12	0	0	0	0	0	0	11	11	0	0	0	0	0	0	0	0	0	0	0	0	0	0	0	0	8	0	0	0	0	0	0	0	6	13	11
	0	12	13	13	14	8	9	7	7	6	6	8	40	17	8	14	11	9	10	0	0	11	11	18	13	13	12	14	12	9	12	12	12	11	11	11	11	11	0	0	11	11	13	11	14	0	11	0	0	11	11	11	11	10	8	0	0	0	6	11	11	11	11	8	0	0	0	0	7	11	21	0	0	0	11	8	0	11	11	0	0	11	0	0	0	0	11	12	0	0	0	0	11	11	0	0	0	0	11	0	0	0	0	0	0	0	12	0	11	11	11	0	0	0	0	0	0	12	12	12	0	0	0	0	0	0	0	11	11	11	11	11	0	0	0	0	0	0	0	0	0	11	0	0	0	8	0	0	11	11	0	0	0	0	12	12	12	12	0	0	0	0	0	0	11	11	0	0	0	0	0	0	0	0	0	0	0	0	0	0	0	0	8	0	0	0	0	0	0	0	6	13	11
	0	12	13	13	14	8	9	7	7	6	6	8	40	17	8	14	11	9	10	0	0	11	11	18	13	13	12	14	12	9	12	12	12	11	11	11	11	11	0	0	11	11	13	11	14	0	11	0	0	11	11	11	11	10	8	0	0	0	6	11	11	11	11	8	0	0	0	0	7	11	21	0	0	0	11	8	0	11	11	0	0	11	0	0	0	0	11	12	0	0	0	0	11	11	0	0	0	0	11	0	0	0	0	0	0	0	12	0	11	11	11	0	0	0	0	0	0	12	12	12	0	0	0	0	0	0	0	11	11	11	11	11	0	0	0	0	0	0	0	0	0	11	0	0	0	8	0	0	11	11	0	0	0	0	12	12	12	12	0	0	0	0	0	0	11	11	0	0	0	0	0	0	0	0	0	0	0	0	0	0	0	0	8	0	0	0	0	0	0	0	6	13	11
	0	12	13	13	14	8	9	7	7	6	6	8	40	17	8	14	11	9	10	0	0	11	11	18	13	13	12	14	12	9	12	12	12	11	11	11	11	11	0	0	11	11	13	11	14	0	11	0	0	11	11	11	11	10	8	0	0	0	6	11	11	11	11	8	0	0	0	0	7	11	21	0	0	0	11	8	0	11	11	0	0	11	0	0	0	0	11	12	0	0	0	0	11	11	0	0	0	0	11	0	0	0	0	0	0	0	12	0	11	11	11	0	0	0	0	0	0	12	12	12	0	0	0	0	0	0	0	11	11	11	11	11	0	0	0	0	0	0	0	0	0	11	0	0	0	8	0	0	11	11	0	0	0	0	12	12	12	12	0	0	0	0	0	0	11	11	0	0	0	0	0	0	0	0	0	0	0	0	0	0	0	0	8	0	0	0	0	0	0	0	6	13	11
	0	12	13	13	14	8	9	7	7	6	6	8	40	17	8	14	11	9	10	0	0	11	11	18	13	13	12	14	12	9	12	12	12	11	11	11	11	11	0	0	11	11	13	11	14	0	11	0	0	11	11	11	11	10	8	0	0	0	6	11	11	11	11	8	0	0	0	0	7	11	21	0	0	0	11	8	0	11	11	0	0	11	0	0	0	0	11	12	0	0	0	0	11	11	0	0	0	0	11	0	0	0	0	0	0	0	12	0	11	11	11	0	0	0	0	0	0	12	12	12	0	0	0	0	0	0	0	11	11	11	11	11	0	0	0	0	0	0	0	0	0	11	0	0	0	8	0	0	11	11	0	0	0	0	12	12	12	12	0	0	0	0	0	0	11	11	0	0	0	0	0	0	0	0	0	0	0	0	0	0	0	0	8	0	0	0	0	0	0	0	6	13	11
	0	12	13	13	14	8	9	7	7	6	6	8	40	17	8	14	11	9	10	0	0	11	11	18	13	13	12	14	12	9	12	12	12	11	11	11	11	11	0	0	11	11	13	11	14	0	11	0	0	11	11	11	11	10	8	0	0	0	6	11	11	11	11	8	0	0	0	0	7	11	21	0	0	0	11	8	0	11	11	0	0	11	0	0	0	0	11	12	0	0	0	0	11	11	0	0	0	0	11	0	0	0	0	0	0	0	12	0	11	11	11	0	0	0	0	0	0	12	12	12	0	0	0	0	0	0	0	11	11	11	11	11	0	0	0	0	0	0	0	0	0	11	0	0	0	8	0	0	11	11	0	0	0	0	12	12	12	12	0	0	0	0	0	0	11	11	0	0	0	0	0	0	0	0	0	0	0	0	0	0	0	0	8	0	0	0	0	0	0	0	6	13	11
	0	12	13	13	14	8	9	7	7	6	6	8	40	17	8	14	11	9	10	0	0	11	11	18	13	13	12	14	12	9	12	12	12	11	11	11	11	11	0	0	11	11	13	11	14	0	11	0	0	11	11	11	11	10	8	0	0	0	6	11	11	11	11	8	0	0	0	0	7	11	21	0	0	0	11	8	0	11	11	0	0	11	0	0	0	0	11	12	0	0	0	0	11	11	0	0	0	0	11	0	0	0	0	0	0	0	12	0	11	11	11	0	0	0	0	0	0	12	12	12	0	0	0	0	0	0	0	11	11	11	11	11	0	0	0	0	0	0	0	0	0	11	0	0	0	8	0	0	11	11	0	0	0	0	12	12	12	12	0	0	0	0	0	0	11	11	0	0	0	0	0	0	0	0	0	0	0	0	0	0	0	0	8	0	0	0	0	0	0	0	6	13	11
	0	12	13	13	14	8	9	7	7	6	6	8	40	17	8	14	11	9	10	0	0	11	11	18	13	13	12	14	12	9	12	12	12	11	11	11	11	11	0	0	11	11	13	11	14	0	11	0	0	11	11	11	11	10	8	0	0	0	6	11	11	11	11	8	0	0	0	0	7	11	21	0	0	0	11	8	0	11	11	0	0	11	0	0	0	0	11	12	0	0	0	0	11	11	0	0	0	0	11	0	0	0	0	0	0	0	12	0	11	11	11	0	0	0	0	0	0	12	12	12	0	0	0	0	0	0	0	11	11	11	11	11	0	0	0	0	0	0	0	0	0	11	0	0	0	8	0	0	11	11	0	0	0	0	12	12	12	12	0	0	0	0	0	0	11	11	0	0	0	0	0	0	0	0	0	0	0	0	0	0	0	0	8	0	0	0	0	0	0	0	6	13	11
	8	9	9	8	6	9	8	7	6	9	6	7	42	19	10	12	9	7	4	8	8	3	3	11	9	8	7	8	11	7	5	5	5	5	3	3	3	3	8	8	3	3	7	6	6	8	3	8	8	3	3	3	3	4	9	8	8	8	7	3	3	3	3	0	8	8	8	8	7	8	21	8	8	8	3	11	8	3	3	8	8	3	8	8	8	8	3	5	8	8	8	8	3	3	8	8	8	8	3	8	8	8	8	8	8	8	5	8	3	3	3	8	8	8	8	8	8	5	5	5	8	8	8	8	8	8	8	3	3	3	3	3	8	8	8	8	8	8	8	8	8	3	8	8	8	12	8	8	3	3	8	8	8	8	5	5	5	5	8	8	8	8	8	8	3	3	8	8	8	8	8	8	8	8	8	8	8	8	8	8	8	8	0	8	8	8	8	8	8	8	7	9	3
	0	12	13	13	14	8	9	7	7	6	6	8	40	17	8	14	11	9	10	0	0	11	11	18	13	13	12	14	12	9	12	12	12	11	11	11	11	11	0	0	11	11	13	11	14	0	11	0	0	11	11	11	11	10	8	0	0	0	6	11	11	11	11	8	0	0	0	0	7	11	21	0	0	0	11	8	0	11	11	0	0	11	0	0	0	0	11	12	0	0	0	0	11	11	0	0	0	0	11	0	0	0	0	0	0	0	12	0	11	11	11	0	0	0	0	0	0	12	12	12	0	0	0	0	0	0	0	11	11	11	11	11	0	0	0	0	0	0	0	0	0	11	0	0	0	8	0	0	11	11	0	0	0	0	12	12	12	12	0	0	0	0	0	0	11	11	0	0	0	0	0	0	0	0	0	0	0	0	0	0	0	0	8	0	0	0	0	0	0	0	6	13	11
	0	12	13	13	14	8	9	7	7	6	6	8	40	17	8	14	11	9	10	0	0	11	11	18	13	13	12	14	12	9	12	12	12	11	11	11	11	11	0	0	11	11	13	11	14	0	11	0	0	11	11	11	11	10	8	0	0	0	6	11	11	11	11	8	0	0	0	0	7	11	21	0	0	0	11	8	0	11	11	0	0	11	0	0	0	0	11	12	0	0	0	0	11	11	0	0	0	0	11	0	0	0	0	0	0	0	12	0	11	11	11	0	0	0	0	0	0	12	12	12	0	0	0	0	0	0	0	11	11	11	11	11	0	0	0	0	0	0	0	0	0	11	0	0	0	8	0	0	11	11	0	0	0	0	12	12	12	12	0	0	0	0	0	0	11	11	0	0	0	0	0	0	0	0	0	0	0	0	0	0	0	0	8	0	0	0	0	0	0	0	6	13	11
	0	12	13	13	14	8	9	7	7	6	6	8	40	17	8	14	11	9	10	0	0	11	11	18	13	13	12	14	12	9	12	12	12	11	11	11	11	11	0	0	11	11	13	11	14	0	11	0	0	11	11	11	11	10	8	0	0	0	6	11	11	11	11	8	0	0	0	0	7	11	21	0	0	0	11	8	0	11	11	0	0	11	0	0	0	0	11	12	0	0	0	0	11	11	0	0	0	0	11	0	0	0	0	0	0	0	12	0	11	11	11	0	0	0	0	0	0	12	12	12	0	0	0	0	0	0	0	11	11	11	11	11	0	0	0	0	0	0	0	0	0	11	0	0	0	8	0	0	11	11	0	0	0	0	12	12	12	12	0	0	0	0	0	0	11	11	0	0	0	0	0	0	0	0	0	0	0	0	0	0	0	0	8	0	0	0	0	0	0	0	6	13	11
	0	12	13	13	14	8	9	7	7	6	6	8	40	17	8	14	11	9	10	0	0	11	11	18	13	13	12	14	12	9	12	12	12	11	11	11	11	11	0	0	11	11	13	11	14	0	11	0	0	11	11	11	11	10	8	0	0	0	6	11	11	11	11	8	0	0	0	0	7	11	21	0	0	0	11	8	0	11	11	0	0	11	0	0	0	0	11	12	0	0	0	0	11	11	0	0	0	0	11	0	0	0	0	0	0	0	12	0	11	11	11	0	0	0	0	0	0	12	12	12	0	0	0	0	0	0	0	11	11	11	11	11	0	0	0	0	0	0	0	0	0	11	0	0	0	8	0	0	11	11	0	0	0	0	12	12	12	12	0	0	0	0	0	0	11	11	0	0	0	0	0	0	0	0	0	0	0	0	0	0	0	0	8	0	0	0	0	0	0	0	6	13	11
	0	12	13	13	14	8	9	7	7	6	6	8	40	17	8	14	11	9	10	0	0	11	11	18	13	13	12	14	12	9	12	12	12	11	11	11	11	11	0	0	11	11	13	11	14	0	11	0	0	11	11	11	11	10	8	0	0	0	6	11	11	11	11	8	0	0	0	0	7	11	21	0	0	0	11	8	0	11	11	0	0	11	0	0	0	0	11	12	0	0	0	0	11	11	0	0	0	0	11	0	0	0	0	0	0	0	12	0	11	11	11	0	0	0	0	0	0	12	12	12	0	0	0	0	0	0	0	11	11	11	11	11	0	0	0	0	0	0	0	0	0	11	0	0	0	8	0	0	11	11	0	0	0	0	12	12	12	12	0	0	0	0	0	0	11	11	0	0	0	0	0	0	0	0	0	0	0	0	0	0	0	0	8	0	0	0	0	0	0	0	6	13	11
	0	12	13	13	14	8	9	7	7	6	6	8	40	17	8	14	11	9	10	0	0	11	11	18	13	13	12	14	12	9	12	12	12	11	11	11	11	11	0	0	11	11	13	11	14	0	11	0	0	11	11	11	11	10	8	0	0	0	6	11	11	11	11	8	0	0	0	0	7	11	21	0	0	0	11	8	0	11	11	0	0	11	0	0	0	0	11	12	0	0	0	0	11	11	0	0	0	0	11	0	0	0	0	0	0	0	12	0	11	11	11	0	0	0	0	0	0	12	12	12	0	0	0	0	0	0	0	11	11	11	11	11	0	0	0	0	0	0	0	0	0	11	0	0	0	8	0	0	11	11	0	0	0	0	12	12	12	12	0	0	0	0	0	0	11	11	0	0	0	0	0	0	0	0	0	0	0	0	0	0	0	0	8	0	0	0	0	0	0	0	6	13	11
	0	12	13	13	14	8	9	7	7	6	6	8	40	17	8	14	11	9	10	0	0	11	11	18	13	13	12	14	12	9	12	12	12	11	11	11	11	11	0	0	11	11	13	11	14	0	11	0	0	11	11	11	11	10	8	0	0	0	6	11	11	11	11	8	0	0	0	0	7	11	21	0	0	0	11	8	0	11	11	0	0	11	0	0	0	0	11	12	0	0	0	0	11	11	0	0	0	0	11	0	0	0	0	0	0	0	12	0	11	11	11	0	0	0	0	0	0	12	12	12	0	0	0	0	0	0	0	11	11	11	11	11	0	0	0	0	0	0	0	0	0	11	0	0	0	8	0	0	11	11	0	0	0	0	12	12	12	12	0	0	0	0	0	0	11	11	0	0	0	0	0	0	0	0	0	0	0	0	0	0	0	0	8	0	0	0	0	0	0	0	6	13	11
	6	12	13	11	9	6	6	5	5	8	7	6	42	19	6	12	11	11	8	6	6	9	9	16	12	11	10	10	14	5	11	11	11	9	9	9	9	9	6	6	9	9	11	9	9	6	9	6	6	9	9	9	9	5	7	6	6	6	7	9	9	9	9	7	6	6	6	6	5	7	21	6	6	6	9	8	6	9	9	6	6	9	6	6	6	6	9	11	6	6	6	6	9	9	6	6	6	6	9	6	6	6	6	6	6	6	11	6	9	9	9	6	6	6	6	6	6	11	11	11	6	6	6	6	6	6	6	9	9	9	9	9	6	6	6	6	6	6	6	6	6	9	6	6	6	7	6	6	9	9	6	6	6	6	11	11	11	11	6	6	6	6	6	6	9	9	6	6	6	6	6	6	6	6	6	6	6	6	6	6	6	6	7	6	6	6	6	6	6	6	0	13	9
	13	9	10	8	11	12	11	12	13	14	11	13	43	20	17	17	16	14	9	13	13	11	11	6	8	7	6	7	5	10	9	9	9	10	11	11	11	11	13	13	11	11	8	8	11	13	11	13	13	11	11	11	11	10	13	13	13	13	13	11	11	11	11	9	13	13	13	13	11	12	22	13	13	13	11	14	13	11	11	13	13	11	13	13	13	13	11	9	13	13	13	13	11	11	13	13	13	13	11	13	13	13	13	13	13	13	9	13	11	11	11	13	13	13	13	13	13	9	9	9	13	13	13	13	13	13	13	11	11	11	11	11	13	13	13	13	13	13	13	13	13	11	13	13	13	16	13	13	11	11	13	13	13	13	9	9	9	9	13	13	13	13	13	13	11	11	13	13	13	13	13	13	13	13	13	13	13	13	13	13	13	13	9	13	13	13	13	13	13	13	13	0	11
	11	10	11	11	8	11	9	9	9	9	9	8	43	20	11	14	11	8	5	11	11	0	0	14	9	9	8	10	12	8	8	8	8	6	0	0	0	0	11	11	0	0	9	7	8	11	0	11	11	0	0	0	0	7	10	11	11	11	9	0	0	0	0	3	11	11	11	11	9	9	23	11	11	11	0	11	11	0	0	11	11	0	11	11	11	11	0	8	11	11	11	11	0	0	11	11	11	11	0	11	11	11	11	11	11	11	8	11	0	0	0	11	11	11	11	11	11	8	8	8	11	11	11	11	11	11	11	0	0	0	0	0	11	11	11	11	11	11	11	11	11	0	11	11	11	12	11	11	0	0	11	11	11	11	8	8	8	8	11	11	11	11	11	11	0	0	11	11	11	11	11	11	11	11	11	11	11	11	11	11	11	11	3	11	11	11	11	11	11	11	9	11	0