20090806
172
VEHICLE
NUMBER
25

CUSTOMER
CUST NO.	XCOORD.	YCOORD.	DEMAND	STAFF1  STAFF2	READY TIME	DUE DATE	SERVICE TIME
	0	0	0	0	0	0	0	1440	0
	1	0	0	2	2	0	600	660	10
	2	0	0	4	2	0	480	500	8
	3	0	0	2	2	0	480	510	8
	4	0	0	3	2	1	600	750	8
	5	0	0	1	2	0	480	510	10
	6	0	0	1	2	1	490	550	10
	7	0	0	1	2	0	550	610	10
	8	0	0	1	2	0	570	660	8
	9	0	0	1	2	0	480	540	10
	10	0	0	1	2	1	490	550	10
	11	0	0	1	2	0	490	550	10
	12	0	0	1	2	0	480	540	10
	13	0	0	1	2	0	565	655	8
	14	0	0	1	2	0	480	540	10
	15	0	0	1	2	0	550	610	10
	16	0	0	1	2	0	490	550	3
	17	0	0	2	2	1	595	655	6
	18	0	0	1	2	0	480	500	10
	19	0	0	1	2	0	490	550	10
	20	0	0	2	2	0	490	550	3
	21	0	0	2	2	0	510	570	10
	22	0	0	1	2	0	480	540	10
	23	0	0	1	2	0	480	540	10
	24	0	0	3	3	0	505	595	8
	25	0	0	3	2	1	495	585	8
	26	0	0	3	2	0	540	690	8
	27	0	0	1	2	0	540	690	8
	28	0	0	3	2	0	540	690	8
	29	0	0	1	2	0	540	690	8
	30	0	0	2	2	0	570	630	10
	31	0	0	1	2	0	599	659	8
	32	0	0	1	2	0	597	657	8
	33	0	0	3	2	0	480	750	8
	34	0	0	3	2	0	480	1200	8
	35	0	0	2	2	0	555	645	8
	36	0	0	3	2	1	480	1200	8
	37	0	0	1	2	0	480	1200	8
	38	0	0	3	2	0	480	750	8
	39	0	0	2	2	0	895	955	3
	40	0	0	1	2	0	810	870	10
	41	0	0	1	2	0	480	1200	8
	42	0	0	1	2	0	630	780	8
	43	0	0	1	2	0	480	1200	8
	44	0	0	1	2	0	480	750	8
	45	0	0	1	2	0	662	782	8
	46	0	0	1	2	0	575	635	8
	47	0	0	3	2	0	480	1200	8
	48	0	0	2	2	0	760	820	10
	49	0	0	2	2	0	835	895	10
	50	0	0	2	2	0	775	835	10
	51	0	0	1	3	0	659	719	8
	52	0	0	1	2	0	658	718	8
	53	0	0	1	2	0	480	750	8
	54	0	0	2	3	0	634	694	8
	55	0	0	4	2	0	659	779	8
	56	0	0	2	2	0	695	815	8
	57	0	0	3	2	0	775	865	8
	58	0	0	1	2	0	855	945	8
	59	0	0	3	2	0	825	915	8
	60	0	0	2	2	0	656	716	8
	61	0	0	1	2	0	900	990	8
	62	0	0	1	2	0	750	1200	8
	63	0	0	2	2	0	745	805	10
	64	0	0	2	2	0	755	815	3
	65	0	0	1	2	0	480	1200	8
	66	0	0	1	3	0	480	750	8
	67	0	0	3	2	0	661	781	8
	68	0	0	1	2	0	480	1200	8
	69	0	0	3	3	0	692	812	8
	70	0	0	1	2	0	855	945	8
	71	0	0	1	2	0	480	750	8
	72	0	0	1	2	0	480	1200	8
	73	0	0	1	2	0	480	1200	8
	74	0	0	2	2	0	658	718	8
	75	0	0	2	2	0	750	810	10
	76	0	0	1	2	1	480	750	8
	77	0	0	3	2	0	480	1200	8
	78	0	0	3	2	0	480	1200	8
	79	0	0	1	2	0	780	840	10
	80	0	0	1	2	0	790	850	6
	81	0	0	1	2	1	480	1200	8
	82	0	0	1	2	0	840	960	8
	83	0	0	1	2	0	750	1200	8
	84	0	0	1	2	0	750	1200	8
	85	0	0	1	2	0	480	1200	8
	86	0	0	3	2	0	480	1200	8
	87	0	0	3	3	0	750	900	8
	88	0	0	3	2	0	735	825	8
	89	0	0	1	2	0	735	825	8
	90	0	0	1	2	0	750	1200	8
	91	0	0	1	3	0	805	865	8
	92	0	0	1	2	0	805	865	8
	93	0	0	3	2	0	480	1200	8
	94	0	0	1	2	0	480	1200	8
	95	0	0	3	2	0	660	810	8
	96	0	0	1	2	0	480	1200	8
	97	0	0	1	2	0	960	1080	8
	98	0	0	3	2	0	758	878	8
	99	0	0	3	2	0	480	1200	8
	100	0	0	1	2	0	622	772	8
	101	0	0	1	2	0	480	750	8
	102	0	0	3	2	0	960	1080	8
	103	0	0	3	2	0	750	1200	8
	104	0	0	1	2	0	480	1200	8
	105	0	0	1	2	0	780	900	8
	106	0	0	1	2	0	829	889	8
	107	0	0	1	2	0	805	865	8
	108	0	0	1	2	0	806	866	8
	109	0	0	1	2	0	806	866	8
	110	0	0	1	2	0	806	866	8
	111	0	0	1	2	1	804	864	8
	112	0	0	1	2	1	882	942	8
	113	0	0	3	2	0	750	1200	8
	114	0	0	1	2	0	820	970	8
	115	0	0	1	2	0	480	1200	8
	116	0	0	1	2	1	750	1200	8
	117	0	0	1	2	0	480	1200	8
	118	0	0	3	2	0	480	1200	8
	119	0	0	1	2	0	780	900	8
	120	0	0	1	2	0	480	1200	8
	121	0	0	3	3	0	822	972	8
	122	0	0	1	2	0	480	1200	8
	123	0	0	1	2	0	900	1050	8
	124	0	0	3	2	0	870	990	8
	125	0	0	1	2	0	960	1080	8
	126	0	0	3	2	0	774	894	8
	127	0	0	3	2	0	780	900	8
	128	0	0	1	3	0	752	872	8
	129	0	0	3	2	0	960	1080	8
	130	0	0	1	2	0	960	1080	8
	131	0	0	3	2	0	927	1047	8
	132	0	0	1	2	0	480	1200	8
	133	0	0	2	3	0	913	973	8
	134	0	0	1	3	0	750	1200	8
	135	0	0	2	2	1	910	970	8
	136	0	0	2	3	0	910	970	8
	137	0	0	3	2	0	912	1032	8
	138	0	0	3	2	0	929	1049	8
	139	0	0	1	3	0	882	942	8
	140	0	0	3	2	0	920	1040	8
	141	0	0	1	2	0	750	1200	8
	142	0	0	1	2	0	480	1200	8
	143	0	0	2	2	0	912	972	8
	144	0	0	2	2	0	912	972	8
	145	0	0	1	2	0	750	1200	8
	146	0	0	3	2	0	750	1200	8
	147	0	0	1	2	0	480	1200	8
	148	0	0	1	2	0	1020	1140	8
	149	0	0	1	2	0	1020	1140	8
	150	0	0	1	2	0	480	1200	8
	151	0	0	1	2	0	480	1200	8
	152	0	0	3	2	0	750	1200	8
	153	0	0	3	3	0	750	1200	8
	154	0	0	1	2	0	750	1200	8
	155	0	0	3	2	0	480	1200	8
	156	0	0	1	2	0	750	1200	8
	157	0	0	3	2	0	750	1200	8
	158	0	0	3	2	0	480	1200	8
	159	0	0	3	2	0	780	900	8
	160	0	0	3	2	0	480	1200	8
	161	0	0	3	2	0	750	1200	8
	162	0	0	1	2	0	750	1200	8
	163	0	0	3	2	0	750	1200	8
	164	0	0	1	2	0	911	1031	8
	165	0	0	1	2	0	913	1033	8
	166	0	0	1	3	0	1020	1140	8
	167	0	0	1	2	0	480	500	10
	168	0	0	4	2	0	495	555	10
	169	0	0	1	2	0	576	636	8
	170	0	0	1	2	0	750	1200	8
	171	0	0	1	2	0	804	864	8
	172	0	0	1	2	0	960	1080	8
Travel Time Between Locations
	0	14	12	12	12	9	6	7	11	7	6	7	7	11	11	9	11	10	10	13	15	16	14	9	11	11	0	0	0	0	14	11	11	0	11	0	0	0	11	9	17	0	0	11	11	5	11	11	7	8	4	11	11	11	8	8	13	11	11	11	0	11	11	8	6	0	0	8	11	8	11	11	11	0	0	10	0	0	0	8	9	0	11	11	11	11	0	0	11	11	11	11	11	0	0	0	0	12	0	0	0	0	12	0	0	0	11	11	11	11	11	11	11	0	0	0	0	0	0	0	0	0	0	0	0	12	0	0	0	12	12	0	0	0	0	0	0	0	0	11	8	0	0	0	0	0	0	0	0	0	0	0	0	0	0	0	0	0	0	0	0	0	11	11	0	0	0	7	14	11	11	11	12
	14	0	14	14	14	16	11	13	12	15	12	12	12	12	9	8	10	9	9	12	15	20	8	10	12	12	14	14	14	14	20	12	12	14	12	14	14	14	12	12	16	14	14	12	12	10	12	12	13	13	13	12	12	12	12	12	12	12	12	12	14	12	12	14	11	14	14	11	12	12	12	12	12	14	14	10	14	14	14	13	8	14	12	12	12	12	14	14	12	12	12	12	12	14	14	14	14	14	14	14	14	14	14	14	14	14	12	12	12	12	12	12	12	14	14	14	14	14	14	14	14	14	14	14	14	14	14	14	14	14	14	14	14	14	14	14	14	14	14	12	12	14	14	14	14	14	14	14	14	14	14	14	14	14	14	14	14	14	14	14	14	14	12	12	14	14	14	13	22	12	12	12	14
	12	14	0	0	0	10	9	10	8	10	9	9	9	8	12	7	7	6	6	6	7	10	15	12	8	8	12	12	12	12	19	8	8	12	8	12	12	12	8	5	8	12	12	8	8	10	8	8	8	11	12	8	8	8	5	5	7	8	8	8	12	8	8	13	11	12	12	15	8	5	8	8	8	12	12	12	12	12	12	6	7	12	8	8	8	8	12	12	8	8	8	8	8	12	12	12	12	0	12	12	12	12	0	12	12	12	8	8	8	8	8	8	8	12	12	12	12	12	12	12	12	12	12	12	12	0	12	12	12	0	0	12	12	12	12	12	12	12	12	8	5	12	12	12	12	12	12	12	12	12	12	12	12	12	12	12	12	12	12	12	12	12	8	8	12	12	12	9	20	8	8	8	0
	12	14	0	0	0	10	9	10	8	10	9	9	9	8	12	7	7	6	6	6	7	10	15	12	8	8	12	12	12	12	19	8	8	12	8	12	12	12	8	5	8	12	12	8	8	10	8	8	8	11	12	8	8	8	5	5	7	8	8	8	12	8	8	13	11	12	12	15	8	5	8	8	8	12	12	12	12	12	12	6	7	12	8	8	8	8	12	12	8	8	8	8	8	12	12	12	12	0	12	12	12	12	0	12	12	12	8	8	8	8	8	8	8	12	12	12	12	12	12	12	12	12	12	12	12	0	12	12	12	0	0	12	12	12	12	12	12	12	12	8	5	12	12	12	12	12	12	12	12	12	12	12	12	12	12	12	12	12	12	12	12	12	8	8	12	12	12	9	20	8	8	8	0
	12	14	0	0	0	10	9	10	8	10	9	9	9	8	12	7	7	6	6	6	7	10	15	12	8	8	12	12	12	12	19	8	8	12	8	12	12	12	8	5	8	12	12	8	8	10	8	8	8	11	12	8	8	8	5	5	7	8	8	8	12	8	8	13	11	12	12	15	8	5	8	8	8	12	12	12	12	12	12	6	7	12	8	8	8	8	12	12	8	8	8	8	8	12	12	12	12	0	12	12	12	12	0	12	12	12	8	8	8	8	8	8	8	12	12	12	12	12	12	12	12	12	12	12	12	0	12	12	12	0	0	12	12	12	12	12	12	12	12	8	5	12	12	12	12	12	12	12	12	12	12	12	12	12	12	12	12	12	12	12	12	12	8	8	12	12	12	9	20	8	8	8	0
	9	16	10	10	10	0	10	9	10	6	8	7	7	10	14	8	8	7	7	11	12	13	13	9	10	10	9	9	9	9	16	10	10	9	10	9	9	9	10	8	14	9	9	10	10	9	10	10	4	5	10	10	10	10	7	7	9	10	10	10	9	10	10	10	12	9	9	12	10	7	10	10	10	9	9	13	9	9	9	5	8	9	10	10	10	10	9	9	10	10	10	10	10	9	9	9	9	10	9	9	9	9	10	9	9	9	10	10	10	10	10	10	10	9	9	9	9	9	9	9	9	9	9	9	9	10	9	9	9	10	10	9	9	9	9	9	9	9	9	10	7	9	9	9	9	9	9	9	9	9	9	9	9	9	9	9	9	9	9	9	9	9	10	10	9	9	9	6	17	10	10	10	10
	6	11	9	9	9	10	0	2	8	7	5	5	5	8	9	8	7	8	8	12	12	16	10	4	8	8	6	6	6	6	15	8	8	6	8	6	6	6	8	6	15	6	6	8	8	1	8	8	8	8	8	8	8	8	6	6	9	8	8	8	6	8	8	9	2	6	6	8	8	6	8	8	8	6	6	8	6	6	6	8	8	6	8	8	8	8	6	6	8	8	8	8	8	6	6	6	6	9	6	6	6	6	9	6	6	6	8	8	8	8	8	8	8	6	6	6	6	6	6	6	6	6	6	6	6	9	6	6	6	9	9	6	6	6	6	6	6	6	6	8	6	6	6	6	6	6	6	6	6	6	6	6	6	6	6	6	6	6	6	6	6	6	8	8	6	6	6	6	16	8	8	8	9
	7	13	10	10	10	9	2	0	8	5	4	5	4	8	8	7	5	6	6	11	12	16	9	5	8	8	7	7	7	7	15	8	8	7	8	7	7	7	8	8	13	7	7	8	8	3	8	8	7	7	9	8	8	8	5	5	10	8	8	8	7	8	8	9	3	7	7	8	8	5	8	8	8	7	7	9	7	7	7	9	7	7	8	8	8	8	7	7	8	8	8	8	8	7	7	7	7	10	7	7	7	7	10	7	7	7	8	8	8	8	8	8	8	7	7	7	7	7	7	7	7	7	7	7	7	10	7	7	7	10	10	7	7	7	7	7	7	7	7	8	5	7	7	7	7	7	7	7	7	7	7	7	7	7	7	7	7	7	7	7	7	7	8	8	7	7	7	5	16	8	8	8	10
	11	12	8	8	8	10	8	8	0	10	8	8	8	0	10	4	6	5	5	9	12	14	14	11	0	0	11	11	11	11	18	0	0	11	0	11	11	11	0	7	13	11	11	0	0	7	0	0	9	11	11	0	0	0	3	3	7	0	0	0	11	0	0	11	8	11	11	12	0	3	0	0	0	11	11	9	11	11	11	8	4	11	0	0	0	0	11	11	0	0	0	0	0	11	11	11	11	8	11	11	11	11	8	11	11	11	0	0	0	0	0	0	0	11	11	11	11	11	11	11	11	11	11	11	11	8	11	11	11	8	8	11	11	11	11	11	11	11	11	0	3	11	11	11	11	11	11	11	11	11	11	11	11	11	11	11	11	11	11	11	11	11	0	0	11	11	11	9	17	0	0	0	8
	7	15	10	10	10	6	7	5	10	0	6	5	5	10	13	8	10	9	9	13	13	14	12	6	10	10	7	7	7	7	15	10	10	7	10	7	7	7	10	9	15	7	7	10	10	7	10	10	5	4	7	10	10	10	9	9	10	10	10	10	7	10	10	9	8	7	7	9	10	9	10	10	10	7	7	13	7	7	7	6	8	7	10	10	10	10	7	7	10	10	10	10	10	7	7	7	7	10	7	7	7	7	10	7	7	7	10	10	10	10	10	10	10	7	7	7	7	7	7	7	7	7	7	7	7	10	7	7	7	10	10	7	7	7	7	7	7	7	7	10	9	7	7	7	7	7	7	7	7	7	7	7	7	7	7	7	7	7	7	7	7	7	10	10	7	7	7	5	16	10	10	10	10
	6	12	9	9	9	8	5	4	8	6	0	3	3	8	10	4	6	5	5	11	12	14	13	8	8	8	6	6	6	6	13	8	8	6	8	6	6	6	8	8	13	6	6	8	8	5	8	8	5	6	5	8	8	8	5	5	7	8	8	8	6	8	8	8	6	6	6	7	8	5	8	8	8	6	6	9	6	6	6	7	4	6	8	8	8	8	6	6	8	8	8	8	8	6	6	6	6	9	6	6	6	6	9	6	6	6	8	8	8	8	8	8	8	6	6	6	6	6	6	6	6	6	6	6	6	9	6	6	6	9	9	6	6	6	6	6	6	6	6	8	5	6	6	6	6	6	6	6	6	6	6	6	6	6	6	6	6	6	6	6	6	6	8	8	6	6	6	3	14	8	8	8	9
	7	12	9	9	9	7	5	5	8	5	3	0	1	8	8	4	6	5	5	11	10	14	11	8	8	8	7	7	7	7	13	8	8	7	8	7	7	7	8	5	10	7	7	8	8	4	8	8	5	5	7	8	8	8	5	5	8	8	8	8	7	8	8	8	6	7	7	9	8	5	8	8	8	7	7	9	7	7	7	6	4	7	8	8	8	8	7	7	8	8	8	8	8	7	7	7	7	9	7	7	7	7	9	7	7	7	8	8	8	8	8	8	8	7	7	7	7	7	7	7	7	7	7	7	7	9	7	7	7	9	9	7	7	7	7	7	7	7	7	8	5	7	7	7	7	7	7	7	7	7	7	7	7	7	7	7	7	7	7	7	7	7	8	8	7	7	7	1	15	8	8	8	9
	7	12	9	9	9	7	5	4	8	5	3	1	0	8	9	4	6	5	5	11	11	15	11	7	8	8	7	7	7	7	14	8	8	7	8	7	7	7	8	6	11	7	7	8	8	4	8	8	6	5	7	8	8	8	5	5	7	8	8	8	7	8	8	8	5	7	7	9	8	5	8	8	8	7	7	9	7	7	7	6	4	7	8	8	8	8	7	7	8	8	8	8	8	7	7	7	7	9	7	7	7	7	9	7	7	7	8	8	8	8	8	8	8	7	7	7	7	7	7	7	7	7	7	7	7	9	7	7	7	9	9	7	7	7	7	7	7	7	7	8	5	7	7	7	7	7	7	7	7	7	7	7	7	7	7	7	7	7	7	7	7	7	8	8	7	7	7	1	15	8	8	8	9
	11	12	8	8	8	10	8	8	0	10	8	8	8	0	10	4	6	5	5	9	12	14	14	11	0	0	11	11	11	11	18	0	0	11	0	11	11	11	0	7	13	11	11	0	0	7	0	0	9	11	11	0	0	0	3	3	7	0	0	0	11	0	0	11	8	11	11	12	0	3	0	0	0	11	11	9	11	11	11	8	4	11	0	0	0	0	11	11	0	0	0	0	0	11	11	11	11	8	11	11	11	11	8	11	11	11	0	0	0	0	0	0	0	11	11	11	11	11	11	11	11	11	11	11	11	8	11	11	11	8	8	11	11	11	11	11	11	11	11	0	3	11	11	11	11	11	11	11	11	11	11	11	11	11	11	11	11	11	11	11	11	11	0	0	11	11	11	9	17	0	0	0	8
	11	9	12	12	12	14	9	8	10	13	10	8	9	10	0	6	8	7	7	13	14	18	10	10	10	10	11	11	11	11	17	10	10	11	10	11	11	11	10	10	13	11	11	10	10	8	10	10	13	13	10	10	10	10	8	8	10	10	10	10	11	10	10	14	11	11	11	12	10	8	10	10	10	11	11	1	11	11	11	13	6	11	10	10	10	10	11	11	10	10	10	10	10	11	11	11	11	12	11	11	11	11	12	11	11	11	10	10	10	10	10	10	10	11	11	11	11	11	11	11	11	11	11	11	11	12	11	11	11	12	12	11	11	11	11	11	11	11	11	10	8	11	11	11	11	11	11	11	11	11	11	11	11	11	11	11	11	11	11	11	11	11	10	10	11	11	11	9	19	10	10	10	12
	9	8	7	7	7	8	8	7	4	8	4	4	4	4	6	0	2	1	1	9	8	12	10	11	4	4	9	9	9	9	14	4	4	9	4	9	9	9	4	4	11	9	9	4	4	8	4	4	9	7	9	4	4	4	4	4	6	4	4	4	9	4	4	11	9	9	9	11	4	4	4	4	4	9	9	5	9	9	9	7	0	9	4	4	4	4	9	9	4	4	4	4	4	9	9	9	9	7	9	9	9	9	7	9	9	9	4	4	4	4	4	4	4	9	9	9	9	9	9	9	9	9	9	9	9	7	9	9	9	7	7	9	9	9	9	9	9	9	9	4	4	9	9	9	9	9	9	9	9	9	9	9	9	9	9	9	9	9	9	9	9	9	4	4	9	9	9	5	16	4	4	4	7
	11	10	7	7	7	8	7	5	6	10	6	6	6	6	8	2	0	1	1	9	8	12	12	10	6	6	11	11	11	11	16	6	6	11	6	11	11	11	6	4	11	11	11	6	6	8	6	6	7	9	9	6	6	6	5	5	6	6	6	6	11	6	6	13	7	11	11	12	6	5	6	6	6	11	11	7	11	11	11	7	2	11	6	6	6	6	11	11	6	6	6	6	6	11	11	11	11	7	11	11	11	11	7	11	11	11	6	6	6	6	6	6	6	11	11	11	11	11	11	11	11	11	11	11	11	7	11	11	11	7	7	11	11	11	11	11	11	11	11	6	5	11	11	11	11	11	11	11	11	11	11	11	11	11	11	11	11	11	11	11	11	11	6	6	11	11	11	6	14	6	6	6	7
	10	9	6	6	6	7	8	6	5	9	5	5	5	5	7	1	1	0	0	8	7	11	11	11	5	5	10	10	10	10	15	5	5	10	5	10	10	10	5	3	10	10	10	5	5	7	5	5	8	8	10	5	5	5	4	4	5	5	5	5	10	5	5	12	8	10	10	11	5	4	5	5	5	10	10	6	10	10	10	6	1	10	5	5	5	5	10	10	5	5	5	5	5	10	10	10	10	6	10	10	10	10	6	10	10	10	5	5	5	5	5	5	5	10	10	10	10	10	10	10	10	10	10	10	10	6	10	10	10	6	6	10	10	10	10	10	10	10	10	5	4	10	10	10	10	10	10	10	10	10	10	10	10	10	10	10	10	10	10	10	10	10	5	5	10	10	10	6	15	5	5	5	6
	10	9	6	6	6	7	8	6	5	9	5	5	5	5	7	1	1	0	0	8	7	11	11	11	5	5	10	10	10	10	15	5	5	10	5	10	10	10	5	3	10	10	10	5	5	7	5	5	8	8	10	5	5	5	4	4	5	5	5	5	10	5	5	12	8	10	10	11	5	4	5	5	5	10	10	6	10	10	10	6	1	10	5	5	5	5	10	10	5	5	5	5	5	10	10	10	10	6	10	10	10	10	6	10	10	10	5	5	5	5	5	5	5	10	10	10	10	10	10	10	10	10	10	10	10	6	10	10	10	6	6	10	10	10	10	10	10	10	10	5	4	10	10	10	10	10	10	10	10	10	10	10	10	10	10	10	10	10	10	10	10	10	5	5	10	10	10	6	15	5	5	5	6
	13	12	6	6	6	11	12	11	9	13	11	11	11	9	13	9	9	8	8	0	5	9	17	13	9	9	13	13	13	13	19	9	9	13	9	13	13	13	9	6	6	13	13	9	9	12	9	9	10	14	14	9	9	9	8	8	5	9	9	9	13	9	9	16	13	13	13	17	9	8	9	9	9	13	13	14	13	13	13	9	9	13	9	9	9	9	13	13	9	9	9	9	9	13	13	13	13	6	13	13	13	13	6	13	13	13	9	9	9	9	9	9	9	13	13	13	13	13	13	13	13	13	13	13	13	6	13	13	13	6	6	13	13	13	13	13	13	13	13	9	8	13	13	13	13	13	13	13	13	13	13	13	13	13	13	13	13	13	13	13	13	13	9	9	13	13	13	12	21	9	9	9	6
	15	15	7	7	7	12	12	12	12	13	12	10	11	12	14	8	8	7	7	5	0	9	18	13	12	12	15	15	15	15	19	12	12	15	12	15	15	15	12	9	3	15	15	12	12	11	12	12	9	15	13	12	12	12	9	9	8	12	12	12	15	12	12	16	14	15	15	17	12	9	12	12	12	15	15	13	15	15	15	10	8	15	12	12	12	12	15	15	12	12	12	12	12	15	15	15	15	7	15	15	15	15	7	15	15	15	12	12	12	12	12	12	12	15	15	15	15	15	15	15	15	15	15	15	15	7	15	15	15	7	7	15	15	15	15	15	15	15	15	12	9	15	15	15	15	15	15	15	15	15	15	15	15	15	15	15	15	15	15	15	15	15	12	12	15	15	15	11	21	12	12	12	7
	16	20	10	10	10	13	16	16	14	14	14	14	15	14	18	12	12	11	11	9	9	0	20	14	14	14	16	16	16	16	16	14	14	16	14	16	16	16	14	12	10	16	16	14	14	15	14	14	9	16	15	14	14	14	11	11	11	14	14	14	16	14	14	17	16	16	16	19	14	11	14	14	14	16	16	17	16	16	16	11	12	16	14	14	14	14	16	16	14	14	14	14	14	16	16	16	16	10	16	16	16	16	10	16	16	16	14	14	14	14	14	14	14	16	16	16	16	16	16	16	16	16	16	16	16	10	16	16	16	10	10	16	16	16	16	16	16	16	16	14	11	16	16	16	16	16	16	16	16	16	16	16	16	16	16	16	16	16	16	16	16	16	14	14	16	16	16	14	22	14	14	14	10
	14	8	15	15	15	13	10	9	14	12	13	11	11	14	10	10	12	11	11	17	18	20	0	8	14	14	14	14	14	14	20	14	14	14	14	14	14	14	14	14	21	14	14	14	14	10	14	14	11	14	13	14	14	14	12	12	14	14	14	14	14	14	14	12	11	14	14	10	14	12	14	14	14	14	14	11	14	14	14	12	10	14	14	14	14	14	14	14	14	14	14	14	14	14	14	14	14	15	14	14	14	14	15	14	14	14	14	14	14	14	14	14	14	14	14	14	14	14	14	14	14	14	14	14	14	15	14	14	14	15	15	14	14	14	14	14	14	14	14	14	12	14	14	14	14	14	14	14	14	14	14	14	14	14	14	14	14	14	14	14	14	14	14	14	14	14	14	11	18	14	14	14	15
	9	10	12	12	12	9	4	5	11	6	8	8	7	11	10	11	10	11	11	13	13	14	8	0	11	11	9	9	9	9	14	11	11	9	11	9	9	9	11	10	15	9	9	11	11	4	11	11	6	8	8	11	11	11	9	9	11	11	11	11	9	11	11	7	3	9	9	6	11	9	11	11	11	9	9	9	9	9	9	8	11	9	11	11	11	11	9	9	11	11	11	11	11	9	9	9	9	12	9	9	9	9	12	9	9	9	11	11	11	11	11	11	11	9	9	9	9	9	9	9	9	9	9	9	9	12	9	9	9	12	12	9	9	9	9	9	9	9	9	11	9	9	9	9	9	9	9	9	9	9	9	9	9	9	9	9	9	9	9	9	9	9	11	11	9	9	9	8	18	11	11	11	12
	11	12	8	8	8	10	8	8	0	10	8	8	8	0	10	4	6	5	5	9	12	14	14	11	0	0	11	11	11	11	18	0	0	11	0	11	11	11	0	7	13	11	11	0	0	7	0	0	9	11	11	0	0	0	3	3	7	0	0	0	11	0	0	11	8	11	11	12	0	3	0	0	0	11	11	9	11	11	11	8	4	11	0	0	0	0	11	11	0	0	0	0	0	11	11	11	11	8	11	11	11	11	8	11	11	11	0	0	0	0	0	0	0	11	11	11	11	11	11	11	11	11	11	11	11	8	11	11	11	8	8	11	11	11	11	11	11	11	11	0	3	11	11	11	11	11	11	11	11	11	11	11	11	11	11	11	11	11	11	11	11	11	0	0	11	11	11	9	17	0	0	0	8
	11	12	8	8	8	10	8	8	0	10	8	8	8	0	10	4	6	5	5	9	12	14	14	11	0	0	11	11	11	11	18	0	0	11	0	11	11	11	0	7	13	11	11	0	0	7	0	0	9	11	11	0	0	0	3	3	7	0	0	0	11	0	0	11	8	11	11	12	0	3	0	0	0	11	11	9	11	11	11	8	4	11	0	0	0	0	11	11	0	0	0	0	0	11	11	11	11	8	11	11	11	11	8	11	11	11	0	0	0	0	0	0	0	11	11	11	11	11	11	11	11	11	11	11	11	8	11	11	11	8	8	11	11	11	11	11	11	11	11	0	3	11	11	11	11	11	11	11	11	11	11	11	11	11	11	11	11	11	11	11	11	11	0	0	11	11	11	9	17	0	0	0	8
	0	14	12	12	12	9	6	7	11	7	6	7	7	11	11	9	11	10	10	13	15	16	14	9	11	11	0	0	0	0	14	11	11	0	11	0	0	0	11	9	17	0	0	11	11	5	11	11	7	8	4	11	11	11	8	8	13	11	11	11	0	11	11	8	6	0	0	8	11	8	11	11	11	0	0	10	0	0	0	8	9	0	11	11	11	11	0	0	11	11	11	11	11	0	0	0	0	12	0	0	0	0	12	0	0	0	11	11	11	11	11	11	11	0	0	0	0	0	0	0	0	0	0	0	0	12	0	0	0	12	12	0	0	0	0	0	0	0	0	11	8	0	0	0	0	0	0	0	0	0	0	0	0	0	0	0	0	0	0	0	0	0	11	11	0	0	0	7	14	11	11	11	12
	0	14	12	12	12	9	6	7	11	7	6	7	7	11	11	9	11	10	10	13	15	16	14	9	11	11	0	0	0	0	14	11	11	0	11	0	0	0	11	9	17	0	0	11	11	5	11	11	7	8	4	11	11	11	8	8	13	11	11	11	0	11	11	8	6	0	0	8	11	8	11	11	11	0	0	10	0	0	0	8	9	0	11	11	11	11	0	0	11	11	11	11	11	0	0	0	0	12	0	0	0	0	12	0	0	0	11	11	11	11	11	11	11	0	0	0	0	0	0	0	0	0	0	0	0	12	0	0	0	12	12	0	0	0	0	0	0	0	0	11	8	0	0	0	0	0	0	0	0	0	0	0	0	0	0	0	0	0	0	0	0	0	11	11	0	0	0	7	14	11	11	11	12
	0	14	12	12	12	9	6	7	11	7	6	7	7	11	11	9	11	10	10	13	15	16	14	9	11	11	0	0	0	0	14	11	11	0	11	0	0	0	11	9	17	0	0	11	11	5	11	11	7	8	4	11	11	11	8	8	13	11	11	11	0	11	11	8	6	0	0	8	11	8	11	11	11	0	0	10	0	0	0	8	9	0	11	11	11	11	0	0	11	11	11	11	11	0	0	0	0	12	0	0	0	0	12	0	0	0	11	11	11	11	11	11	11	0	0	0	0	0	0	0	0	0	0	0	0	12	0	0	0	12	12	0	0	0	0	0	0	0	0	11	8	0	0	0	0	0	0	0	0	0	0	0	0	0	0	0	0	0	0	0	0	0	11	11	0	0	0	7	14	11	11	11	12
	0	14	12	12	12	9	6	7	11	7	6	7	7	11	11	9	11	10	10	13	15	16	14	9	11	11	0	0	0	0	14	11	11	0	11	0	0	0	11	9	17	0	0	11	11	5	11	11	7	8	4	11	11	11	8	8	13	11	11	11	0	11	11	8	6	0	0	8	11	8	11	11	11	0	0	10	0	0	0	8	9	0	11	11	11	11	0	0	11	11	11	11	11	0	0	0	0	12	0	0	0	0	12	0	0	0	11	11	11	11	11	11	11	0	0	0	0	0	0	0	0	0	0	0	0	12	0	0	0	12	12	0	0	0	0	0	0	0	0	11	8	0	0	0	0	0	0	0	0	0	0	0	0	0	0	0	0	0	0	0	0	0	11	11	0	0	0	7	14	11	11	11	12
	14	20	19	19	19	16	15	15	18	15	13	13	14	18	17	14	16	15	15	19	19	16	20	14	18	18	14	14	14	14	0	18	18	14	18	14	14	14	18	17	21	14	14	18	18	15	18	18	14	14	15	18	18	18	15	15	17	18	18	18	14	18	18	16	16	14	14	15	18	15	18	18	18	14	14	18	14	14	14	14	14	14	18	18	18	18	14	14	18	18	18	18	18	14	14	14	14	19	14	14	14	14	19	14	14	14	18	18	18	18	18	18	18	14	14	14	14	14	14	14	14	14	14	14	14	19	14	14	14	19	19	14	14	14	14	14	14	14	14	18	15	14	14	14	14	14	14	14	14	14	14	14	14	14	14	14	14	14	14	14	14	14	18	18	14	14	14	13	15	18	18	18	19
	11	12	8	8	8	10	8	8	0	10	8	8	8	0	10	4	6	5	5	9	12	14	14	11	0	0	11	11	11	11	18	0	0	11	0	11	11	11	0	7	13	11	11	0	0	7	0	0	9	11	11	0	0	0	3	3	7	0	0	0	11	0	0	11	8	11	11	12	0	3	0	0	0	11	11	9	11	11	11	8	4	11	0	0	0	0	11	11	0	0	0	0	0	11	11	11	11	8	11	11	11	11	8	11	11	11	0	0	0	0	0	0	0	11	11	11	11	11	11	11	11	11	11	11	11	8	11	11	11	8	8	11	11	11	11	11	11	11	11	0	3	11	11	11	11	11	11	11	11	11	11	11	11	11	11	11	11	11	11	11	11	11	0	0	11	11	11	9	17	0	0	0	8
	11	12	8	8	8	10	8	8	0	10	8	8	8	0	10	4	6	5	5	9	12	14	14	11	0	0	11	11	11	11	18	0	0	11	0	11	11	11	0	7	13	11	11	0	0	7	0	0	9	11	11	0	0	0	3	3	7	0	0	0	11	0	0	11	8	11	11	12	0	3	0	0	0	11	11	9	11	11	11	8	4	11	0	0	0	0	11	11	0	0	0	0	0	11	11	11	11	8	11	11	11	11	8	11	11	11	0	0	0	0	0	0	0	11	11	11	11	11	11	11	11	11	11	11	11	8	11	11	11	8	8	11	11	11	11	11	11	11	11	0	3	11	11	11	11	11	11	11	11	11	11	11	11	11	11	11	11	11	11	11	11	11	0	0	11	11	11	9	17	0	0	0	8
	0	14	12	12	12	9	6	7	11	7	6	7	7	11	11	9	11	10	10	13	15	16	14	9	11	11	0	0	0	0	14	11	11	0	11	0	0	0	11	9	17	0	0	11	11	5	11	11	7	8	4	11	11	11	8	8	13	11	11	11	0	11	11	8	6	0	0	8	11	8	11	11	11	0	0	10	0	0	0	8	9	0	11	11	11	11	0	0	11	11	11	11	11	0	0	0	0	12	0	0	0	0	12	0	0	0	11	11	11	11	11	11	11	0	0	0	0	0	0	0	0	0	0	0	0	12	0	0	0	12	12	0	0	0	0	0	0	0	0	11	8	0	0	0	0	0	0	0	0	0	0	0	0	0	0	0	0	0	0	0	0	0	11	11	0	0	0	7	14	11	11	11	12
	11	12	8	8	8	10	8	8	0	10	8	8	8	0	10	4	6	5	5	9	12	14	14	11	0	0	11	11	11	11	18	0	0	11	0	11	11	11	0	7	13	11	11	0	0	7	0	0	9	11	11	0	0	0	3	3	7	0	0	0	11	0	0	11	8	11	11	12	0	3	0	0	0	11	11	9	11	11	11	8	4	11	0	0	0	0	11	11	0	0	0	0	0	11	11	11	11	8	11	11	11	11	8	11	11	11	0	0	0	0	0	0	0	11	11	11	11	11	11	11	11	11	11	11	11	8	11	11	11	8	8	11	11	11	11	11	11	11	11	0	3	11	11	11	11	11	11	11	11	11	11	11	11	11	11	11	11	11	11	11	11	11	0	0	11	11	11	9	17	0	0	0	8
	0	14	12	12	12	9	6	7	11	7	6	7	7	11	11	9	11	10	10	13	15	16	14	9	11	11	0	0	0	0	14	11	11	0	11	0	0	0	11	9	17	0	0	11	11	5	11	11	7	8	4	11	11	11	8	8	13	11	11	11	0	11	11	8	6	0	0	8	11	8	11	11	11	0	0	10	0	0	0	8	9	0	11	11	11	11	0	0	11	11	11	11	11	0	0	0	0	12	0	0	0	0	12	0	0	0	11	11	11	11	11	11	11	0	0	0	0	0	0	0	0	0	0	0	0	12	0	0	0	12	12	0	0	0	0	0	0	0	0	11	8	0	0	0	0	0	0	0	0	0	0	0	0	0	0	0	0	0	0	0	0	0	11	11	0	0	0	7	14	11	11	11	12
	0	14	12	12	12	9	6	7	11	7	6	7	7	11	11	9	11	10	10	13	15	16	14	9	11	11	0	0	0	0	14	11	11	0	11	0	0	0	11	9	17	0	0	11	11	5	11	11	7	8	4	11	11	11	8	8	13	11	11	11	0	11	11	8	6	0	0	8	11	8	11	11	11	0	0	10	0	0	0	8	9	0	11	11	11	11	0	0	11	11	11	11	11	0	0	0	0	12	0	0	0	0	12	0	0	0	11	11	11	11	11	11	11	0	0	0	0	0	0	0	0	0	0	0	0	12	0	0	0	12	12	0	0	0	0	0	0	0	0	11	8	0	0	0	0	0	0	0	0	0	0	0	0	0	0	0	0	0	0	0	0	0	11	11	0	0	0	7	14	11	11	11	12
	0	14	12	12	12	9	6	7	11	7	6	7	7	11	11	9	11	10	10	13	15	16	14	9	11	11	0	0	0	0	14	11	11	0	11	0	0	0	11	9	17	0	0	11	11	5	11	11	7	8	4	11	11	11	8	8	13	11	11	11	0	11	11	8	6	0	0	8	11	8	11	11	11	0	0	10	0	0	0	8	9	0	11	11	11	11	0	0	11	11	11	11	11	0	0	0	0	12	0	0	0	0	12	0	0	0	11	11	11	11	11	11	11	0	0	0	0	0	0	0	0	0	0	0	0	12	0	0	0	12	12	0	0	0	0	0	0	0	0	11	8	0	0	0	0	0	0	0	0	0	0	0	0	0	0	0	0	0	0	0	0	0	11	11	0	0	0	7	14	11	11	11	12
	11	12	8	8	8	10	8	8	0	10	8	8	8	0	10	4	6	5	5	9	12	14	14	11	0	0	11	11	11	11	18	0	0	11	0	11	11	11	0	7	13	11	11	0	0	7	0	0	9	11	11	0	0	0	3	3	7	0	0	0	11	0	0	11	8	11	11	12	0	3	0	0	0	11	11	9	11	11	11	8	4	11	0	0	0	0	11	11	0	0	0	0	0	11	11	11	11	8	11	11	11	11	8	11	11	11	0	0	0	0	0	0	0	11	11	11	11	11	11	11	11	11	11	11	11	8	11	11	11	8	8	11	11	11	11	11	11	11	11	0	3	11	11	11	11	11	11	11	11	11	11	11	11	11	11	11	11	11	11	11	11	11	0	0	11	11	11	9	17	0	0	0	8
	9	12	5	5	5	8	6	8	7	9	8	5	6	7	10	4	4	3	3	6	9	12	14	10	7	7	9	9	9	9	17	7	7	9	7	9	9	9	7	0	9	9	9	7	7	7	7	7	5	10	9	7	7	7	4	4	4	7	7	7	9	7	7	13	8	9	9	12	7	4	7	7	7	9	9	9	9	9	9	5	4	9	7	7	7	7	9	9	7	7	7	7	7	9	9	9	9	5	9	9	9	9	5	9	9	9	7	7	7	7	7	7	7	9	9	9	9	9	9	9	9	9	9	9	9	5	9	9	9	5	5	9	9	9	9	9	9	9	9	7	4	9	9	9	9	9	9	9	9	9	9	9	9	9	9	9	9	9	9	9	9	9	7	7	9	9	9	6	18	7	7	7	5
	17	16	8	8	8	14	15	13	13	15	13	10	11	13	13	11	11	10	10	6	3	10	21	15	13	13	17	17	17	17	21	13	13	17	13	17	17	17	13	9	0	17	17	13	13	14	13	13	12	15	16	13	13	13	10	10	8	13	13	13	17	13	13	18	15	17	17	19	13	10	13	13	13	17	17	14	17	17	17	12	11	17	13	13	13	13	17	17	13	13	13	13	13	17	17	17	17	8	17	17	17	17	8	17	17	17	13	13	13	13	13	13	13	17	17	17	17	17	17	17	17	17	17	17	17	8	17	17	17	8	8	17	17	17	17	17	17	17	17	13	10	17	17	17	17	17	17	17	17	17	17	17	17	17	17	17	17	17	17	17	17	17	13	13	17	17	17	11	21	13	13	13	8
	0	14	12	12	12	9	6	7	11	7	6	7	7	11	11	9	11	10	10	13	15	16	14	9	11	11	0	0	0	0	14	11	11	0	11	0	0	0	11	9	17	0	0	11	11	5	11	11	7	8	4	11	11	11	8	8	13	11	11	11	0	11	11	8	6	0	0	8	11	8	11	11	11	0	0	10	0	0	0	8	9	0	11	11	11	11	0	0	11	11	11	11	11	0	0	0	0	12	0	0	0	0	12	0	0	0	11	11	11	11	11	11	11	0	0	0	0	0	0	0	0	0	0	0	0	12	0	0	0	12	12	0	0	0	0	0	0	0	0	11	8	0	0	0	0	0	0	0	0	0	0	0	0	0	0	0	0	0	0	0	0	0	11	11	0	0	0	7	14	11	11	11	12
	0	14	12	12	12	9	6	7	11	7	6	7	7	11	11	9	11	10	10	13	15	16	14	9	11	11	0	0	0	0	14	11	11	0	11	0	0	0	11	9	17	0	0	11	11	5	11	11	7	8	4	11	11	11	8	8	13	11	11	11	0	11	11	8	6	0	0	8	11	8	11	11	11	0	0	10	0	0	0	8	9	0	11	11	11	11	0	0	11	11	11	11	11	0	0	0	0	12	0	0	0	0	12	0	0	0	11	11	11	11	11	11	11	0	0	0	0	0	0	0	0	0	0	0	0	12	0	0	0	12	12	0	0	0	0	0	0	0	0	11	8	0	0	0	0	0	0	0	0	0	0	0	0	0	0	0	0	0	0	0	0	0	11	11	0	0	0	7	14	11	11	11	12
	11	12	8	8	8	10	8	8	0	10	8	8	8	0	10	4	6	5	5	9	12	14	14	11	0	0	11	11	11	11	18	0	0	11	0	11	11	11	0	7	13	11	11	0	0	7	0	0	9	11	11	0	0	0	3	3	7	0	0	0	11	0	0	11	8	11	11	12	0	3	0	0	0	11	11	9	11	11	11	8	4	11	0	0	0	0	11	11	0	0	0	0	0	11	11	11	11	8	11	11	11	11	8	11	11	11	0	0	0	0	0	0	0	11	11	11	11	11	11	11	11	11	11	11	11	8	11	11	11	8	8	11	11	11	11	11	11	11	11	0	3	11	11	11	11	11	11	11	11	11	11	11	11	11	11	11	11	11	11	11	11	11	0	0	11	11	11	9	17	0	0	0	8
	11	12	8	8	8	10	8	8	0	10	8	8	8	0	10	4	6	5	5	9	12	14	14	11	0	0	11	11	11	11	18	0	0	11	0	11	11	11	0	7	13	11	11	0	0	7	0	0	9	11	11	0	0	0	3	3	7	0	0	0	11	0	0	11	8	11	11	12	0	3	0	0	0	11	11	9	11	11	11	8	4	11	0	0	0	0	11	11	0	0	0	0	0	11	11	11	11	8	11	11	11	11	8	11	11	11	0	0	0	0	0	0	0	11	11	11	11	11	11	11	11	11	11	11	11	8	11	11	11	8	8	11	11	11	11	11	11	11	11	0	3	11	11	11	11	11	11	11	11	11	11	11	11	11	11	11	11	11	11	11	11	11	0	0	11	11	11	9	17	0	0	0	8
	5	10	10	10	10	9	1	3	7	7	5	4	4	7	8	8	8	7	7	12	11	15	10	4	7	7	5	5	5	5	15	7	7	5	7	5	5	5	7	7	14	5	5	7	7	0	7	7	7	7	7	7	7	7	5	5	8	7	7	7	5	7	7	9	3	5	5	8	7	5	7	7	7	5	5	7	5	5	5	9	8	5	7	7	7	7	5	5	7	7	7	7	7	5	5	5	5	10	5	5	5	5	10	5	5	5	7	7	7	7	7	7	7	5	5	5	5	5	5	5	5	5	5	5	5	10	5	5	5	10	10	5	5	5	5	5	5	5	5	7	5	5	5	5	5	5	5	5	5	5	5	5	5	5	5	5	5	5	5	5	5	5	7	7	5	5	5	5	17	7	7	7	10
	11	12	8	8	8	10	8	8	0	10	8	8	8	0	10	4	6	5	5	9	12	14	14	11	0	0	11	11	11	11	18	0	0	11	0	11	11	11	0	7	13	11	11	0	0	7	0	0	9	11	11	0	0	0	3	3	7	0	0	0	11	0	0	11	8	11	11	12	0	3	0	0	0	11	11	9	11	11	11	8	4	11	0	0	0	0	11	11	0	0	0	0	0	11	11	11	11	8	11	11	11	11	8	11	11	11	0	0	0	0	0	0	0	11	11	11	11	11	11	11	11	11	11	11	11	8	11	11	11	8	8	11	11	11	11	11	11	11	11	0	3	11	11	11	11	11	11	11	11	11	11	11	11	11	11	11	11	11	11	11	11	11	0	0	11	11	11	9	17	0	0	0	8
	11	12	8	8	8	10	8	8	0	10	8	8	8	0	10	4	6	5	5	9	12	14	14	11	0	0	11	11	11	11	18	0	0	11	0	11	11	11	0	7	13	11	11	0	0	7	0	0	9	11	11	0	0	0	3	3	7	0	0	0	11	0	0	11	8	11	11	12	0	3	0	0	0	11	11	9	11	11	11	8	4	11	0	0	0	0	11	11	0	0	0	0	0	11	11	11	11	8	11	11	11	11	8	11	11	11	0	0	0	0	0	0	0	11	11	11	11	11	11	11	11	11	11	11	11	8	11	11	11	8	8	11	11	11	11	11	11	11	11	0	3	11	11	11	11	11	11	11	11	11	11	11	11	11	11	11	11	11	11	11	11	11	0	0	11	11	11	9	17	0	0	0	8
	7	13	8	8	8	4	8	7	9	5	5	5	6	9	13	9	7	8	8	10	9	9	11	6	9	9	7	7	7	7	14	9	9	7	9	7	7	7	9	5	12	7	7	9	9	7	9	9	0	7	7	9	9	9	6	6	9	9	9	9	7	9	9	8	8	7	7	10	9	6	9	9	9	7	7	12	7	7	7	2	9	7	9	9	9	9	7	7	9	9	9	9	9	7	7	7	7	8	7	7	7	7	8	7	7	7	9	9	9	9	9	9	9	7	7	7	7	7	7	7	7	7	7	7	7	8	7	7	7	8	8	7	7	7	7	7	7	7	7	9	6	7	7	7	7	7	7	7	7	7	7	7	7	7	7	7	7	7	7	7	7	7	9	9	7	7	7	5	14	9	9	9	8
	8	13	11	11	11	5	8	7	11	4	6	5	5	11	13	7	9	8	8	14	15	16	14	8	11	11	8	8	8	8	14	11	11	8	11	8	8	8	11	10	15	8	8	11	11	7	11	11	7	0	7	11	11	11	9	9	10	11	11	11	8	11	11	11	10	8	8	10	11	9	11	11	11	8	8	12	8	8	8	7	7	8	11	11	11	11	8	8	11	11	11	11	11	8	8	8	8	11	8	8	8	8	11	8	8	8	11	11	11	11	11	11	11	8	8	8	8	8	8	8	8	8	8	8	8	11	8	8	8	11	11	8	8	8	8	8	8	8	8	11	9	8	8	8	8	8	8	8	8	8	8	8	8	8	8	8	8	8	8	8	8	8	11	11	8	8	8	5	16	11	11	11	11
	4	13	12	12	12	10	8	9	11	7	5	7	7	11	10	9	9	10	10	14	13	15	13	8	11	11	4	4	4	4	15	11	11	4	11	4	4	4	11	9	16	4	4	11	11	7	11	11	7	7	0	11	11	11	10	10	11	11	11	11	4	11	11	4	7	4	4	5	11	10	11	11	11	4	4	9	4	4	4	8	9	4	11	11	11	11	4	4	11	11	11	11	11	4	4	4	4	12	4	4	4	4	12	4	4	4	11	11	11	11	11	11	11	4	4	4	4	4	4	4	4	4	4	4	4	12	4	4	4	12	12	4	4	4	4	4	4	4	4	11	10	4	4	4	4	4	4	4	4	4	4	4	4	4	4	4	4	4	4	4	4	4	11	11	4	4	4	6	15	11	11	11	12
	11	12	8	8	8	10	8	8	0	10	8	8	8	0	10	4	6	5	5	9	12	14	14	11	0	0	11	11	11	11	18	0	0	11	0	11	11	11	0	7	13	11	11	0	0	7	0	0	9	11	11	0	0	0	3	3	7	0	0	0	11	0	0	11	8	11	11	12	0	3	0	0	0	11	11	9	11	11	11	8	4	11	0	0	0	0	11	11	0	0	0	0	0	11	11	11	11	8	11	11	11	11	8	11	11	11	0	0	0	0	0	0	0	11	11	11	11	11	11	11	11	11	11	11	11	8	11	11	11	8	8	11	11	11	11	11	11	11	11	0	3	11	11	11	11	11	11	11	11	11	11	11	11	11	11	11	11	11	11	11	11	11	0	0	11	11	11	9	17	0	0	0	8
	11	12	8	8	8	10	8	8	0	10	8	8	8	0	10	4	6	5	5	9	12	14	14	11	0	0	11	11	11	11	18	0	0	11	0	11	11	11	0	7	13	11	11	0	0	7	0	0	9	11	11	0	0	0	3	3	7	0	0	0	11	0	0	11	8	11	11	12	0	3	0	0	0	11	11	9	11	11	11	8	4	11	0	0	0	0	11	11	0	0	0	0	0	11	11	11	11	8	11	11	11	11	8	11	11	11	0	0	0	0	0	0	0	11	11	11	11	11	11	11	11	11	11	11	11	8	11	11	11	8	8	11	11	11	11	11	11	11	11	0	3	11	11	11	11	11	11	11	11	11	11	11	11	11	11	11	11	11	11	11	11	11	0	0	11	11	11	9	17	0	0	0	8
	11	12	8	8	8	10	8	8	0	10	8	8	8	0	10	4	6	5	5	9	12	14	14	11	0	0	11	11	11	11	18	0	0	11	0	11	11	11	0	7	13	11	11	0	0	7	0	0	9	11	11	0	0	0	3	3	7	0	0	0	11	0	0	11	8	11	11	12	0	3	0	0	0	11	11	9	11	11	11	8	4	11	0	0	0	0	11	11	0	0	0	0	0	11	11	11	11	8	11	11	11	11	8	11	11	11	0	0	0	0	0	0	0	11	11	11	11	11	11	11	11	11	11	11	11	8	11	11	11	8	8	11	11	11	11	11	11	11	11	0	3	11	11	11	11	11	11	11	11	11	11	11	11	11	11	11	11	11	11	11	11	11	0	0	11	11	11	9	17	0	0	0	8
	8	12	5	5	5	7	6	5	3	9	5	5	5	3	8	4	5	4	4	8	9	11	12	9	3	3	8	8	8	8	15	3	3	8	3	8	8	8	3	4	10	8	8	3	3	5	3	3	6	9	10	3	3	3	0	0	6	3	3	3	8	3	3	11	6	8	8	12	3	0	3	3	3	8	8	9	8	8	8	5	4	8	3	3	3	3	8	8	3	3	3	3	3	8	8	8	8	5	8	8	8	8	5	8	8	8	3	3	3	3	3	3	3	8	8	8	8	8	8	8	8	8	8	8	8	5	8	8	8	5	5	8	8	8	8	8	8	8	8	3	0	8	8	8	8	8	8	8	8	8	8	8	8	8	8	8	8	8	8	8	8	8	3	3	8	8	8	6	16	3	3	3	5
	8	12	5	5	5	7	6	5	3	9	5	5	5	3	8	4	5	4	4	8	9	11	12	9	3	3	8	8	8	8	15	3	3	8	3	8	8	8	3	4	10	8	8	3	3	5	3	3	6	9	10	3	3	3	0	0	6	3	3	3	8	3	3	11	6	8	8	12	3	0	3	3	3	8	8	9	8	8	8	5	4	8	3	3	3	3	8	8	3	3	3	3	3	8	8	8	8	5	8	8	8	8	5	8	8	8	3	3	3	3	3	3	3	8	8	8	8	8	8	8	8	8	8	8	8	5	8	8	8	5	5	8	8	8	8	8	8	8	8	3	0	8	8	8	8	8	8	8	8	8	8	8	8	8	8	8	8	8	8	8	8	8	3	3	8	8	8	6	16	3	3	3	5
	13	12	7	7	7	9	9	10	7	10	7	8	7	7	10	6	6	5	5	5	8	11	14	11	7	7	13	13	13	13	17	7	7	13	7	13	13	13	7	4	8	13	13	7	7	8	7	7	9	10	11	7	7	7	6	6	0	7	7	7	13	7	7	14	11	13	13	14	7	6	7	7	7	13	13	9	13	13	13	9	6	13	7	7	7	7	13	13	7	7	7	7	7	13	13	13	13	7	13	13	13	13	7	13	13	13	7	7	7	7	7	7	7	13	13	13	13	13	13	13	13	13	13	13	13	7	13	13	13	7	7	13	13	13	13	13	13	13	13	7	6	13	13	13	13	13	13	13	13	13	13	13	13	13	13	13	13	13	13	13	13	13	7	7	13	13	13	8	16	7	7	7	7
	11	12	8	8	8	10	8	8	0	10	8	8	8	0	10	4	6	5	5	9	12	14	14	11	0	0	11	11	11	11	18	0	0	11	0	11	11	11	0	7	13	11	11	0	0	7	0	0	9	11	11	0	0	0	3	3	7	0	0	0	11	0	0	11	8	11	11	12	0	3	0	0	0	11	11	9	11	11	11	8	4	11	0	0	0	0	11	11	0	0	0	0	0	11	11	11	11	8	11	11	11	11	8	11	11	11	0	0	0	0	0	0	0	11	11	11	11	11	11	11	11	11	11	11	11	8	11	11	11	8	8	11	11	11	11	11	11	11	11	0	3	11	11	11	11	11	11	11	11	11	11	11	11	11	11	11	11	11	11	11	11	11	0	0	11	11	11	9	17	0	0	0	8
	11	12	8	8	8	10	8	8	0	10	8	8	8	0	10	4	6	5	5	9	12	14	14	11	0	0	11	11	11	11	18	0	0	11	0	11	11	11	0	7	13	11	11	0	0	7	0	0	9	11	11	0	0	0	3	3	7	0	0	0	11	0	0	11	8	11	11	12	0	3	0	0	0	11	11	9	11	11	11	8	4	11	0	0	0	0	11	11	0	0	0	0	0	11	11	11	11	8	11	11	11	11	8	11	11	11	0	0	0	0	0	0	0	11	11	11	11	11	11	11	11	11	11	11	11	8	11	11	11	8	8	11	11	11	11	11	11	11	11	0	3	11	11	11	11	11	11	11	11	11	11	11	11	11	11	11	11	11	11	11	11	11	0	0	11	11	11	9	17	0	0	0	8
	11	12	8	8	8	10	8	8	0	10	8	8	8	0	10	4	6	5	5	9	12	14	14	11	0	0	11	11	11	11	18	0	0	11	0	11	11	11	0	7	13	11	11	0	0	7	0	0	9	11	11	0	0	0	3	3	7	0	0	0	11	0	0	11	8	11	11	12	0	3	0	0	0	11	11	9	11	11	11	8	4	11	0	0	0	0	11	11	0	0	0	0	0	11	11	11	11	8	11	11	11	11	8	11	11	11	0	0	0	0	0	0	0	11	11	11	11	11	11	11	11	11	11	11	11	8	11	11	11	8	8	11	11	11	11	11	11	11	11	0	3	11	11	11	11	11	11	11	11	11	11	11	11	11	11	11	11	11	11	11	11	11	0	0	11	11	11	9	17	0	0	0	8
	0	14	12	12	12	9	6	7	11	7	6	7	7	11	11	9	11	10	10	13	15	16	14	9	11	11	0	0	0	0	14	11	11	0	11	0	0	0	11	9	17	0	0	11	11	5	11	11	7	8	4	11	11	11	8	8	13	11	11	11	0	11	11	8	6	0	0	8	11	8	11	11	11	0	0	10	0	0	0	8	9	0	11	11	11	11	0	0	11	11	11	11	11	0	0	0	0	12	0	0	0	0	12	0	0	0	11	11	11	11	11	11	11	0	0	0	0	0	0	0	0	0	0	0	0	12	0	0	0	12	12	0	0	0	0	0	0	0	0	11	8	0	0	0	0	0	0	0	0	0	0	0	0	0	0	0	0	0	0	0	0	0	11	11	0	0	0	7	14	11	11	11	12
	11	12	8	8	8	10	8	8	0	10	8	8	8	0	10	4	6	5	5	9	12	14	14	11	0	0	11	11	11	11	18	0	0	11	0	11	11	11	0	7	13	11	11	0	0	7	0	0	9	11	11	0	0	0	3	3	7	0	0	0	11	0	0	11	8	11	11	12	0	3	0	0	0	11	11	9	11	11	11	8	4	11	0	0	0	0	11	11	0	0	0	0	0	11	11	11	11	8	11	11	11	11	8	11	11	11	0	0	0	0	0	0	0	11	11	11	11	11	11	11	11	11	11	11	11	8	11	11	11	8	8	11	11	11	11	11	11	11	11	0	3	11	11	11	11	11	11	11	11	11	11	11	11	11	11	11	11	11	11	11	11	11	0	0	11	11	11	9	17	0	0	0	8
	11	12	8	8	8	10	8	8	0	10	8	8	8	0	10	4	6	5	5	9	12	14	14	11	0	0	11	11	11	11	18	0	0	11	0	11	11	11	0	7	13	11	11	0	0	7	0	0	9	11	11	0	0	0	3	3	7	0	0	0	11	0	0	11	8	11	11	12	0	3	0	0	0	11	11	9	11	11	11	8	4	11	0	0	0	0	11	11	0	0	0	0	0	11	11	11	11	8	11	11	11	11	8	11	11	11	0	0	0	0	0	0	0	11	11	11	11	11	11	11	11	11	11	11	11	8	11	11	11	8	8	11	11	11	11	11	11	11	11	0	3	11	11	11	11	11	11	11	11	11	11	11	11	11	11	11	11	11	11	11	11	11	0	0	11	11	11	9	17	0	0	0	8
	8	14	13	13	13	10	9	9	11	9	8	8	8	11	14	11	13	12	12	16	16	17	12	7	11	11	8	8	8	8	16	11	11	8	11	8	8	8	11	13	18	8	8	11	11	9	11	11	8	11	4	11	11	11	11	11	14	11	11	11	8	11	11	0	10	8	8	5	11	11	11	11	11	8	8	13	8	8	8	9	11	8	11	11	11	11	8	8	11	11	11	11	11	8	8	8	8	13	8	8	8	8	13	8	8	8	11	11	11	11	11	11	11	8	8	8	8	8	8	8	8	8	8	8	8	13	8	8	8	13	13	8	8	8	8	8	8	8	8	11	11	8	8	8	8	8	8	8	8	8	8	8	8	8	8	8	8	8	8	8	8	8	11	11	8	8	8	8	15	11	11	11	13
	6	11	11	11	11	12	2	3	8	8	6	6	5	8	11	9	7	8	8	13	14	16	11	3	8	8	6	6	6	6	16	8	8	6	8	6	6	6	8	8	15	6	6	8	8	3	8	8	8	10	7	8	8	8	6	6	11	8	8	8	6	8	8	10	0	6	6	8	8	6	8	8	8	6	6	10	6	6	6	10	9	6	8	8	8	8	6	6	8	8	8	8	8	6	6	6	6	11	6	6	6	6	11	6	6	6	8	8	8	8	8	8	8	6	6	6	6	6	6	6	6	6	6	6	6	11	6	6	6	11	11	6	6	6	6	6	6	6	6	8	6	6	6	6	6	6	6	6	6	6	6	6	6	6	6	6	6	6	6	6	6	6	8	8	6	6	6	6	18	8	8	8	11
	0	14	12	12	12	9	6	7	11	7	6	7	7	11	11	9	11	10	10	13	15	16	14	9	11	11	0	0	0	0	14	11	11	0	11	0	0	0	11	9	17	0	0	11	11	5	11	11	7	8	4	11	11	11	8	8	13	11	11	11	0	11	11	8	6	0	0	8	11	8	11	11	11	0	0	10	0	0	0	8	9	0	11	11	11	11	0	0	11	11	11	11	11	0	0	0	0	12	0	0	0	0	12	0	0	0	11	11	11	11	11	11	11	0	0	0	0	0	0	0	0	0	0	0	0	12	0	0	0	12	12	0	0	0	0	0	0	0	0	11	8	0	0	0	0	0	0	0	0	0	0	0	0	0	0	0	0	0	0	0	0	0	11	11	0	0	0	7	14	11	11	11	12
	0	14	12	12	12	9	6	7	11	7	6	7	7	11	11	9	11	10	10	13	15	16	14	9	11	11	0	0	0	0	14	11	11	0	11	0	0	0	11	9	17	0	0	11	11	5	11	11	7	8	4	11	11	11	8	8	13	11	11	11	0	11	11	8	6	0	0	8	11	8	11	11	11	0	0	10	0	0	0	8	9	0	11	11	11	11	0	0	11	11	11	11	11	0	0	0	0	12	0	0	0	0	12	0	0	0	11	11	11	11	11	11	11	0	0	0	0	0	0	0	0	0	0	0	0	12	0	0	0	12	12	0	0	0	0	0	0	0	0	11	8	0	0	0	0	0	0	0	0	0	0	0	0	0	0	0	0	0	0	0	0	0	11	11	0	0	0	7	14	11	11	11	12
	8	11	15	15	15	12	8	8	12	9	7	9	9	12	12	11	12	11	11	17	17	19	10	6	12	12	8	8	8	8	15	12	12	8	12	8	8	8	12	12	19	8	8	12	12	8	12	12	10	10	5	12	12	12	12	12	14	12	12	12	8	12	12	5	8	8	8	0	12	12	12	12	12	8	8	12	8	8	8	10	11	8	12	12	12	12	8	8	12	12	12	12	12	8	8	8	8	15	8	8	8	8	15	8	8	8	12	12	12	12	12	12	12	8	8	8	8	8	8	8	8	8	8	8	8	15	8	8	8	15	15	8	8	8	8	8	8	8	8	12	12	8	8	8	8	8	8	8	8	8	8	8	8	8	8	8	8	8	8	8	8	8	12	12	8	8	8	9	17	12	12	12	15
	11	12	8	8	8	10	8	8	0	10	8	8	8	0	10	4	6	5	5	9	12	14	14	11	0	0	11	11	11	11	18	0	0	11	0	11	11	11	0	7	13	11	11	0	0	7	0	0	9	11	11	0	0	0	3	3	7	0	0	0	11	0	0	11	8	11	11	12	0	3	0	0	0	11	11	9	11	11	11	8	4	11	0	0	0	0	11	11	0	0	0	0	0	11	11	11	11	8	11	11	11	11	8	11	11	11	0	0	0	0	0	0	0	11	11	11	11	11	11	11	11	11	11	11	11	8	11	11	11	8	8	11	11	11	11	11	11	11	11	0	3	11	11	11	11	11	11	11	11	11	11	11	11	11	11	11	11	11	11	11	11	11	0	0	11	11	11	9	17	0	0	0	8
	8	12	5	5	5	7	6	5	3	9	5	5	5	3	8	4	5	4	4	8	9	11	12	9	3	3	8	8	8	8	15	3	3	8	3	8	8	8	3	4	10	8	8	3	3	5	3	3	6	9	10	3	3	3	0	0	6	3	3	3	8	3	3	11	6	8	8	12	3	0	3	3	3	8	8	9	8	8	8	5	4	8	3	3	3	3	8	8	3	3	3	3	3	8	8	8	8	5	8	8	8	8	5	8	8	8	3	3	3	3	3	3	3	8	8	8	8	8	8	8	8	8	8	8	8	5	8	8	8	5	5	8	8	8	8	8	8	8	8	3	0	8	8	8	8	8	8	8	8	8	8	8	8	8	8	8	8	8	8	8	8	8	3	3	8	8	8	6	16	3	3	3	5
	11	12	8	8	8	10	8	8	0	10	8	8	8	0	10	4	6	5	5	9	12	14	14	11	0	0	11	11	11	11	18	0	0	11	0	11	11	11	0	7	13	11	11	0	0	7	0	0	9	11	11	0	0	0	3	3	7	0	0	0	11	0	0	11	8	11	11	12	0	3	0	0	0	11	11	9	11	11	11	8	4	11	0	0	0	0	11	11	0	0	0	0	0	11	11	11	11	8	11	11	11	11	8	11	11	11	0	0	0	0	0	0	0	11	11	11	11	11	11	11	11	11	11	11	11	8	11	11	11	8	8	11	11	11	11	11	11	11	11	0	3	11	11	11	11	11	11	11	11	11	11	11	11	11	11	11	11	11	11	11	11	11	0	0	11	11	11	9	17	0	0	0	8
	11	12	8	8	8	10	8	8	0	10	8	8	8	0	10	4	6	5	5	9	12	14	14	11	0	0	11	11	11	11	18	0	0	11	0	11	11	11	0	7	13	11	11	0	0	7	0	0	9	11	11	0	0	0	3	3	7	0	0	0	11	0	0	11	8	11	11	12	0	3	0	0	0	11	11	9	11	11	11	8	4	11	0	0	0	0	11	11	0	0	0	0	0	11	11	11	11	8	11	11	11	11	8	11	11	11	0	0	0	0	0	0	0	11	11	11	11	11	11	11	11	11	11	11	11	8	11	11	11	8	8	11	11	11	11	11	11	11	11	0	3	11	11	11	11	11	11	11	11	11	11	11	11	11	11	11	11	11	11	11	11	11	0	0	11	11	11	9	17	0	0	0	8
	11	12	8	8	8	10	8	8	0	10	8	8	8	0	10	4	6	5	5	9	12	14	14	11	0	0	11	11	11	11	18	0	0	11	0	11	11	11	0	7	13	11	11	0	0	7	0	0	9	11	11	0	0	0	3	3	7	0	0	0	11	0	0	11	8	11	11	12	0	3	0	0	0	11	11	9	11	11	11	8	4	11	0	0	0	0	11	11	0	0	0	0	0	11	11	11	11	8	11	11	11	11	8	11	11	11	0	0	0	0	0	0	0	11	11	11	11	11	11	11	11	11	11	11	11	8	11	11	11	8	8	11	11	11	11	11	11	11	11	0	3	11	11	11	11	11	11	11	11	11	11	11	11	11	11	11	11	11	11	11	11	11	0	0	11	11	11	9	17	0	0	0	8
	0	14	12	12	12	9	6	7	11	7	6	7	7	11	11	9	11	10	10	13	15	16	14	9	11	11	0	0	0	0	14	11	11	0	11	0	0	0	11	9	17	0	0	11	11	5	11	11	7	8	4	11	11	11	8	8	13	11	11	11	0	11	11	8	6	0	0	8	11	8	11	11	11	0	0	10	0	0	0	8	9	0	11	11	11	11	0	0	11	11	11	11	11	0	0	0	0	12	0	0	0	0	12	0	0	0	11	11	11	11	11	11	11	0	0	0	0	0	0	0	0	0	0	0	0	12	0	0	0	12	12	0	0	0	0	0	0	0	0	11	8	0	0	0	0	0	0	0	0	0	0	0	0	0	0	0	0	0	0	0	0	0	11	11	0	0	0	7	14	11	11	11	12
	0	14	12	12	12	9	6	7	11	7	6	7	7	11	11	9	11	10	10	13	15	16	14	9	11	11	0	0	0	0	14	11	11	0	11	0	0	0	11	9	17	0	0	11	11	5	11	11	7	8	4	11	11	11	8	8	13	11	11	11	0	11	11	8	6	0	0	8	11	8	11	11	11	0	0	10	0	0	0	8	9	0	11	11	11	11	0	0	11	11	11	11	11	0	0	0	0	12	0	0	0	0	12	0	0	0	11	11	11	11	11	11	11	0	0	0	0	0	0	0	0	0	0	0	0	12	0	0	0	12	12	0	0	0	0	0	0	0	0	11	8	0	0	0	0	0	0	0	0	0	0	0	0	0	0	0	0	0	0	0	0	0	11	11	0	0	0	7	14	11	11	11	12
	10	10	12	12	12	13	8	9	9	13	9	9	9	9	1	5	7	6	6	14	13	17	11	9	9	9	10	10	10	10	18	9	9	10	9	10	10	10	9	9	14	10	10	9	9	7	9	9	12	12	9	9	9	9	9	9	9	9	9	9	10	9	9	13	10	10	10	12	9	9	9	9	9	10	10	0	10	10	10	12	5	10	9	9	9	9	10	10	9	9	9	9	9	10	10	10	10	12	10	10	10	10	12	10	10	10	9	9	9	9	9	9	9	10	10	10	10	10	10	10	10	10	10	10	10	12	10	10	10	12	12	10	10	10	10	10	10	10	10	9	9	10	10	10	10	10	10	10	10	10	10	10	10	10	10	10	10	10	10	10	10	10	9	9	10	10	10	9	18	9	9	9	12
	0	14	12	12	12	9	6	7	11	7	6	7	7	11	11	9	11	10	10	13	15	16	14	9	11	11	0	0	0	0	14	11	11	0	11	0	0	0	11	9	17	0	0	11	11	5	11	11	7	8	4	11	11	11	8	8	13	11	11	11	0	11	11	8	6	0	0	8	11	8	11	11	11	0	0	10	0	0	0	8	9	0	11	11	11	11	0	0	11	11	11	11	11	0	0	0	0	12	0	0	0	0	12	0	0	0	11	11	11	11	11	11	11	0	0	0	0	0	0	0	0	0	0	0	0	12	0	0	0	12	12	0	0	0	0	0	0	0	0	11	8	0	0	0	0	0	0	0	0	0	0	0	0	0	0	0	0	0	0	0	0	0	11	11	0	0	0	7	14	11	11	11	12
	0	14	12	12	12	9	6	7	11	7	6	7	7	11	11	9	11	10	10	13	15	16	14	9	11	11	0	0	0	0	14	11	11	0	11	0	0	0	11	9	17	0	0	11	11	5	11	11	7	8	4	11	11	11	8	8	13	11	11	11	0	11	11	8	6	0	0	8	11	8	11	11	11	0	0	10	0	0	0	8	9	0	11	11	11	11	0	0	11	11	11	11	11	0	0	0	0	12	0	0	0	0	12	0	0	0	11	11	11	11	11	11	11	0	0	0	0	0	0	0	0	0	0	0	0	12	0	0	0	12	12	0	0	0	0	0	0	0	0	11	8	0	0	0	0	0	0	0	0	0	0	0	0	0	0	0	0	0	0	0	0	0	11	11	0	0	0	7	14	11	11	11	12
	0	14	12	12	12	9	6	7	11	7	6	7	7	11	11	9	11	10	10	13	15	16	14	9	11	11	0	0	0	0	14	11	11	0	11	0	0	0	11	9	17	0	0	11	11	5	11	11	7	8	4	11	11	11	8	8	13	11	11	11	0	11	11	8	6	0	0	8	11	8	11	11	11	0	0	10	0	0	0	8	9	0	11	11	11	11	0	0	11	11	11	11	11	0	0	0	0	12	0	0	0	0	12	0	0	0	11	11	11	11	11	11	11	0	0	0	0	0	0	0	0	0	0	0	0	12	0	0	0	12	12	0	0	0	0	0	0	0	0	11	8	0	0	0	0	0	0	0	0	0	0	0	0	0	0	0	0	0	0	0	0	0	11	11	0	0	0	7	14	11	11	11	12
	8	13	6	6	6	5	8	9	8	6	7	6	6	8	13	7	7	6	6	9	10	11	12	8	8	8	8	8	8	8	14	8	8	8	8	8	8	8	8	5	12	8	8	8	8	9	8	8	2	7	8	8	8	8	5	5	9	8	8	8	8	8	8	9	10	8	8	10	8	5	8	8	8	8	8	12	8	8	8	0	7	8	8	8	8	8	8	8	8	8	8	8	8	8	8	8	8	6	8	8	8	8	6	8	8	8	8	8	8	8	8	8	8	8	8	8	8	8	8	8	8	8	8	8	8	6	8	8	8	6	6	8	8	8	8	8	8	8	8	8	5	8	8	8	8	8	8	8	8	8	8	8	8	8	8	8	8	8	8	8	8	8	8	8	8	8	8	6	15	8	8	8	6
	9	8	7	7	7	8	8	7	4	8	4	4	4	4	6	0	2	1	1	9	8	12	10	11	4	4	9	9	9	9	14	4	4	9	4	9	9	9	4	4	11	9	9	4	4	8	4	4	9	7	9	4	4	4	4	4	6	4	4	4	9	4	4	11	9	9	9	11	4	4	4	4	4	9	9	5	9	9	9	7	0	9	4	4	4	4	9	9	4	4	4	4	4	9	9	9	9	7	9	9	9	9	7	9	9	9	4	4	4	4	4	4	4	9	9	9	9	9	9	9	9	9	9	9	9	7	9	9	9	7	7	9	9	9	9	9	9	9	9	4	4	9	9	9	9	9	9	9	9	9	9	9	9	9	9	9	9	9	9	9	9	9	4	4	9	9	9	5	16	4	4	4	7
	0	14	12	12	12	9	6	7	11	7	6	7	7	11	11	9	11	10	10	13	15	16	14	9	11	11	0	0	0	0	14	11	11	0	11	0	0	0	11	9	17	0	0	11	11	5	11	11	7	8	4	11	11	11	8	8	13	11	11	11	0	11	11	8	6	0	0	8	11	8	11	11	11	0	0	10	0	0	0	8	9	0	11	11	11	11	0	0	11	11	11	11	11	0	0	0	0	12	0	0	0	0	12	0	0	0	11	11	11	11	11	11	11	0	0	0	0	0	0	0	0	0	0	0	0	12	0	0	0	12	12	0	0	0	0	0	0	0	0	11	8	0	0	0	0	0	0	0	0	0	0	0	0	0	0	0	0	0	0	0	0	0	11	11	0	0	0	7	14	11	11	11	12
	11	12	8	8	8	10	8	8	0	10	8	8	8	0	10	4	6	5	5	9	12	14	14	11	0	0	11	11	11	11	18	0	0	11	0	11	11	11	0	7	13	11	11	0	0	7	0	0	9	11	11	0	0	0	3	3	7	0	0	0	11	0	0	11	8	11	11	12	0	3	0	0	0	11	11	9	11	11	11	8	4	11	0	0	0	0	11	11	0	0	0	0	0	11	11	11	11	8	11	11	11	11	8	11	11	11	0	0	0	0	0	0	0	11	11	11	11	11	11	11	11	11	11	11	11	8	11	11	11	8	8	11	11	11	11	11	11	11	11	0	3	11	11	11	11	11	11	11	11	11	11	11	11	11	11	11	11	11	11	11	11	11	0	0	11	11	11	9	17	0	0	0	8
	11	12	8	8	8	10	8	8	0	10	8	8	8	0	10	4	6	5	5	9	12	14	14	11	0	0	11	11	11	11	18	0	0	11	0	11	11	11	0	7	13	11	11	0	0	7	0	0	9	11	11	0	0	0	3	3	7	0	0	0	11	0	0	11	8	11	11	12	0	3	0	0	0	11	11	9	11	11	11	8	4	11	0	0	0	0	11	11	0	0	0	0	0	11	11	11	11	8	11	11	11	11	8	11	11	11	0	0	0	0	0	0	0	11	11	11	11	11	11	11	11	11	11	11	11	8	11	11	11	8	8	11	11	11	11	11	11	11	11	0	3	11	11	11	11	11	11	11	11	11	11	11	11	11	11	11	11	11	11	11	11	11	0	0	11	11	11	9	17	0	0	0	8
	11	12	8	8	8	10	8	8	0	10	8	8	8	0	10	4	6	5	5	9	12	14	14	11	0	0	11	11	11	11	18	0	0	11	0	11	11	11	0	7	13	11	11	0	0	7	0	0	9	11	11	0	0	0	3	3	7	0	0	0	11	0	0	11	8	11	11	12	0	3	0	0	0	11	11	9	11	11	11	8	4	11	0	0	0	0	11	11	0	0	0	0	0	11	11	11	11	8	11	11	11	11	8	11	11	11	0	0	0	0	0	0	0	11	11	11	11	11	11	11	11	11	11	11	11	8	11	11	11	8	8	11	11	11	11	11	11	11	11	0	3	11	11	11	11	11	11	11	11	11	11	11	11	11	11	11	11	11	11	11	11	11	0	0	11	11	11	9	17	0	0	0	8
	11	12	8	8	8	10	8	8	0	10	8	8	8	0	10	4	6	5	5	9	12	14	14	11	0	0	11	11	11	11	18	0	0	11	0	11	11	11	0	7	13	11	11	0	0	7	0	0	9	11	11	0	0	0	3	3	7	0	0	0	11	0	0	11	8	11	11	12	0	3	0	0	0	11	11	9	11	11	11	8	4	11	0	0	0	0	11	11	0	0	0	0	0	11	11	11	11	8	11	11	11	11	8	11	11	11	0	0	0	0	0	0	0	11	11	11	11	11	11	11	11	11	11	11	11	8	11	11	11	8	8	11	11	11	11	11	11	11	11	0	3	11	11	11	11	11	11	11	11	11	11	11	11	11	11	11	11	11	11	11	11	11	0	0	11	11	11	9	17	0	0	0	8
	0	14	12	12	12	9	6	7	11	7	6	7	7	11	11	9	11	10	10	13	15	16	14	9	11	11	0	0	0	0	14	11	11	0	11	0	0	0	11	9	17	0	0	11	11	5	11	11	7	8	4	11	11	11	8	8	13	11	11	11	0	11	11	8	6	0	0	8	11	8	11	11	11	0	0	10	0	0	0	8	9	0	11	11	11	11	0	0	11	11	11	11	11	0	0	0	0	12	0	0	0	0	12	0	0	0	11	11	11	11	11	11	11	0	0	0	0	0	0	0	0	0	0	0	0	12	0	0	0	12	12	0	0	0	0	0	0	0	0	11	8	0	0	0	0	0	0	0	0	0	0	0	0	0	0	0	0	0	0	0	0	0	11	11	0	0	0	7	14	11	11	11	12
	0	14	12	12	12	9	6	7	11	7	6	7	7	11	11	9	11	10	10	13	15	16	14	9	11	11	0	0	0	0	14	11	11	0	11	0	0	0	11	9	17	0	0	11	11	5	11	11	7	8	4	11	11	11	8	8	13	11	11	11	0	11	11	8	6	0	0	8	11	8	11	11	11	0	0	10	0	0	0	8	9	0	11	11	11	11	0	0	11	11	11	11	11	0	0	0	0	12	0	0	0	0	12	0	0	0	11	11	11	11	11	11	11	0	0	0	0	0	0	0	0	0	0	0	0	12	0	0	0	12	12	0	0	0	0	0	0	0	0	11	8	0	0	0	0	0	0	0	0	0	0	0	0	0	0	0	0	0	0	0	0	0	11	11	0	0	0	7	14	11	11	11	12
	11	12	8	8	8	10	8	8	0	10	8	8	8	0	10	4	6	5	5	9	12	14	14	11	0	0	11	11	11	11	18	0	0	11	0	11	11	11	0	7	13	11	11	0	0	7	0	0	9	11	11	0	0	0	3	3	7	0	0	0	11	0	0	11	8	11	11	12	0	3	0	0	0	11	11	9	11	11	11	8	4	11	0	0	0	0	11	11	0	0	0	0	0	11	11	11	11	8	11	11	11	11	8	11	11	11	0	0	0	0	0	0	0	11	11	11	11	11	11	11	11	11	11	11	11	8	11	11	11	8	8	11	11	11	11	11	11	11	11	0	3	11	11	11	11	11	11	11	11	11	11	11	11	11	11	11	11	11	11	11	11	11	0	0	11	11	11	9	17	0	0	0	8
	11	12	8	8	8	10	8	8	0	10	8	8	8	0	10	4	6	5	5	9	12	14	14	11	0	0	11	11	11	11	18	0	0	11	0	11	11	11	0	7	13	11	11	0	0	7	0	0	9	11	11	0	0	0	3	3	7	0	0	0	11	0	0	11	8	11	11	12	0	3	0	0	0	11	11	9	11	11	11	8	4	11	0	0	0	0	11	11	0	0	0	0	0	11	11	11	11	8	11	11	11	11	8	11	11	11	0	0	0	0	0	0	0	11	11	11	11	11	11	11	11	11	11	11	11	8	11	11	11	8	8	11	11	11	11	11	11	11	11	0	3	11	11	11	11	11	11	11	11	11	11	11	11	11	11	11	11	11	11	11	11	11	0	0	11	11	11	9	17	0	0	0	8
	11	12	8	8	8	10	8	8	0	10	8	8	8	0	10	4	6	5	5	9	12	14	14	11	0	0	11	11	11	11	18	0	0	11	0	11	11	11	0	7	13	11	11	0	0	7	0	0	9	11	11	0	0	0	3	3	7	0	0	0	11	0	0	11	8	11	11	12	0	3	0	0	0	11	11	9	11	11	11	8	4	11	0	0	0	0	11	11	0	0	0	0	0	11	11	11	11	8	11	11	11	11	8	11	11	11	0	0	0	0	0	0	0	11	11	11	11	11	11	11	11	11	11	11	11	8	11	11	11	8	8	11	11	11	11	11	11	11	11	0	3	11	11	11	11	11	11	11	11	11	11	11	11	11	11	11	11	11	11	11	11	11	0	0	11	11	11	9	17	0	0	0	8
	11	12	8	8	8	10	8	8	0	10	8	8	8	0	10	4	6	5	5	9	12	14	14	11	0	0	11	11	11	11	18	0	0	11	0	11	11	11	0	7	13	11	11	0	0	7	0	0	9	11	11	0	0	0	3	3	7	0	0	0	11	0	0	11	8	11	11	12	0	3	0	0	0	11	11	9	11	11	11	8	4	11	0	0	0	0	11	11	0	0	0	0	0	11	11	11	11	8	11	11	11	11	8	11	11	11	0	0	0	0	0	0	0	11	11	11	11	11	11	11	11	11	11	11	11	8	11	11	11	8	8	11	11	11	11	11	11	11	11	0	3	11	11	11	11	11	11	11	11	11	11	11	11	11	11	11	11	11	11	11	11	11	0	0	11	11	11	9	17	0	0	0	8
	11	12	8	8	8	10	8	8	0	10	8	8	8	0	10	4	6	5	5	9	12	14	14	11	0	0	11	11	11	11	18	0	0	11	0	11	11	11	0	7	13	11	11	0	0	7	0	0	9	11	11	0	0	0	3	3	7	0	0	0	11	0	0	11	8	11	11	12	0	3	0	0	0	11	11	9	11	11	11	8	4	11	0	0	0	0	11	11	0	0	0	0	0	11	11	11	11	8	11	11	11	11	8	11	11	11	0	0	0	0	0	0	0	11	11	11	11	11	11	11	11	11	11	11	11	8	11	11	11	8	8	11	11	11	11	11	11	11	11	0	3	11	11	11	11	11	11	11	11	11	11	11	11	11	11	11	11	11	11	11	11	11	0	0	11	11	11	9	17	0	0	0	8
	0	14	12	12	12	9	6	7	11	7	6	7	7	11	11	9	11	10	10	13	15	16	14	9	11	11	0	0	0	0	14	11	11	0	11	0	0	0	11	9	17	0	0	11	11	5	11	11	7	8	4	11	11	11	8	8	13	11	11	11	0	11	11	8	6	0	0	8	11	8	11	11	11	0	0	10	0	0	0	8	9	0	11	11	11	11	0	0	11	11	11	11	11	0	0	0	0	12	0	0	0	0	12	0	0	0	11	11	11	11	11	11	11	0	0	0	0	0	0	0	0	0	0	0	0	12	0	0	0	12	12	0	0	0	0	0	0	0	0	11	8	0	0	0	0	0	0	0	0	0	0	0	0	0	0	0	0	0	0	0	0	0	11	11	0	0	0	7	14	11	11	11	12
	0	14	12	12	12	9	6	7	11	7	6	7	7	11	11	9	11	10	10	13	15	16	14	9	11	11	0	0	0	0	14	11	11	0	11	0	0	0	11	9	17	0	0	11	11	5	11	11	7	8	4	11	11	11	8	8	13	11	11	11	0	11	11	8	6	0	0	8	11	8	11	11	11	0	0	10	0	0	0	8	9	0	11	11	11	11	0	0	11	11	11	11	11	0	0	0	0	12	0	0	0	0	12	0	0	0	11	11	11	11	11	11	11	0	0	0	0	0	0	0	0	0	0	0	0	12	0	0	0	12	12	0	0	0	0	0	0	0	0	11	8	0	0	0	0	0	0	0	0	0	0	0	0	0	0	0	0	0	0	0	0	0	11	11	0	0	0	7	14	11	11	11	12
	0	14	12	12	12	9	6	7	11	7	6	7	7	11	11	9	11	10	10	13	15	16	14	9	11	11	0	0	0	0	14	11	11	0	11	0	0	0	11	9	17	0	0	11	11	5	11	11	7	8	4	11	11	11	8	8	13	11	11	11	0	11	11	8	6	0	0	8	11	8	11	11	11	0	0	10	0	0	0	8	9	0	11	11	11	11	0	0	11	11	11	11	11	0	0	0	0	12	0	0	0	0	12	0	0	0	11	11	11	11	11	11	11	0	0	0	0	0	0	0	0	0	0	0	0	12	0	0	0	12	12	0	0	0	0	0	0	0	0	11	8	0	0	0	0	0	0	0	0	0	0	0	0	0	0	0	0	0	0	0	0	0	11	11	0	0	0	7	14	11	11	11	12
	0	14	12	12	12	9	6	7	11	7	6	7	7	11	11	9	11	10	10	13	15	16	14	9	11	11	0	0	0	0	14	11	11	0	11	0	0	0	11	9	17	0	0	11	11	5	11	11	7	8	4	11	11	11	8	8	13	11	11	11	0	11	11	8	6	0	0	8	11	8	11	11	11	0	0	10	0	0	0	8	9	0	11	11	11	11	0	0	11	11	11	11	11	0	0	0	0	12	0	0	0	0	12	0	0	0	11	11	11	11	11	11	11	0	0	0	0	0	0	0	0	0	0	0	0	12	0	0	0	12	12	0	0	0	0	0	0	0	0	11	8	0	0	0	0	0	0	0	0	0	0	0	0	0	0	0	0	0	0	0	0	0	11	11	0	0	0	7	14	11	11	11	12
	12	14	0	0	0	10	9	10	8	10	9	9	9	8	12	7	7	6	6	6	7	10	15	12	8	8	12	12	12	12	19	8	8	12	8	12	12	12	8	5	8	12	12	8	8	10	8	8	8	11	12	8	8	8	5	5	7	8	8	8	12	8	8	13	11	12	12	15	8	5	8	8	8	12	12	12	12	12	12	6	7	12	8	8	8	8	12	12	8	8	8	8	8	12	12	12	12	0	12	12	12	12	0	12	12	12	8	8	8	8	8	8	8	12	12	12	12	12	12	12	12	12	12	12	12	0	12	12	12	0	0	12	12	12	12	12	12	12	12	8	5	12	12	12	12	12	12	12	12	12	12	12	12	12	12	12	12	12	12	12	12	12	8	8	12	12	12	9	20	8	8	8	0
	0	14	12	12	12	9	6	7	11	7	6	7	7	11	11	9	11	10	10	13	15	16	14	9	11	11	0	0	0	0	14	11	11	0	11	0	0	0	11	9	17	0	0	11	11	5	11	11	7	8	4	11	11	11	8	8	13	11	11	11	0	11	11	8	6	0	0	8	11	8	11	11	11	0	0	10	0	0	0	8	9	0	11	11	11	11	0	0	11	11	11	11	11	0	0	0	0	12	0	0	0	0	12	0	0	0	11	11	11	11	11	11	11	0	0	0	0	0	0	0	0	0	0	0	0	12	0	0	0	12	12	0	0	0	0	0	0	0	0	11	8	0	0	0	0	0	0	0	0	0	0	0	0	0	0	0	0	0	0	0	0	0	11	11	0	0	0	7	14	11	11	11	12
	0	14	12	12	12	9	6	7	11	7	6	7	7	11	11	9	11	10	10	13	15	16	14	9	11	11	0	0	0	0	14	11	11	0	11	0	0	0	11	9	17	0	0	11	11	5	11	11	7	8	4	11	11	11	8	8	13	11	11	11	0	11	11	8	6	0	0	8	11	8	11	11	11	0	0	10	0	0	0	8	9	0	11	11	11	11	0	0	11	11	11	11	11	0	0	0	0	12	0	0	0	0	12	0	0	0	11	11	11	11	11	11	11	0	0	0	0	0	0	0	0	0	0	0	0	12	0	0	0	12	12	0	0	0	0	0	0	0	0	11	8	0	0	0	0	0	0	0	0	0	0	0	0	0	0	0	0	0	0	0	0	0	11	11	0	0	0	7	14	11	11	11	12
	0	14	12	12	12	9	6	7	11	7	6	7	7	11	11	9	11	10	10	13	15	16	14	9	11	11	0	0	0	0	14	11	11	0	11	0	0	0	11	9	17	0	0	11	11	5	11	11	7	8	4	11	11	11	8	8	13	11	11	11	0	11	11	8	6	0	0	8	11	8	11	11	11	0	0	10	0	0	0	8	9	0	11	11	11	11	0	0	11	11	11	11	11	0	0	0	0	12	0	0	0	0	12	0	0	0	11	11	11	11	11	11	11	0	0	0	0	0	0	0	0	0	0	0	0	12	0	0	0	12	12	0	0	0	0	0	0	0	0	11	8	0	0	0	0	0	0	0	0	0	0	0	0	0	0	0	0	0	0	0	0	0	11	11	0	0	0	7	14	11	11	11	12
	0	14	12	12	12	9	6	7	11	7	6	7	7	11	11	9	11	10	10	13	15	16	14	9	11	11	0	0	0	0	14	11	11	0	11	0	0	0	11	9	17	0	0	11	11	5	11	11	7	8	4	11	11	11	8	8	13	11	11	11	0	11	11	8	6	0	0	8	11	8	11	11	11	0	0	10	0	0	0	8	9	0	11	11	11	11	0	0	11	11	11	11	11	0	0	0	0	12	0	0	0	0	12	0	0	0	11	11	11	11	11	11	11	0	0	0	0	0	0	0	0	0	0	0	0	12	0	0	0	12	12	0	0	0	0	0	0	0	0	11	8	0	0	0	0	0	0	0	0	0	0	0	0	0	0	0	0	0	0	0	0	0	11	11	0	0	0	7	14	11	11	11	12
	12	14	0	0	0	10	9	10	8	10	9	9	9	8	12	7	7	6	6	6	7	10	15	12	8	8	12	12	12	12	19	8	8	12	8	12	12	12	8	5	8	12	12	8	8	10	8	8	8	11	12	8	8	8	5	5	7	8	8	8	12	8	8	13	11	12	12	15	8	5	8	8	8	12	12	12	12	12	12	6	7	12	8	8	8	8	12	12	8	8	8	8	8	12	12	12	12	0	12	12	12	12	0	12	12	12	8	8	8	8	8	8	8	12	12	12	12	12	12	12	12	12	12	12	12	0	12	12	12	0	0	12	12	12	12	12	12	12	12	8	5	12	12	12	12	12	12	12	12	12	12	12	12	12	12	12	12	12	12	12	12	12	8	8	12	12	12	9	20	8	8	8	0
	0	14	12	12	12	9	6	7	11	7	6	7	7	11	11	9	11	10	10	13	15	16	14	9	11	11	0	0	0	0	14	11	11	0	11	0	0	0	11	9	17	0	0	11	11	5	11	11	7	8	4	11	11	11	8	8	13	11	11	11	0	11	11	8	6	0	0	8	11	8	11	11	11	0	0	10	0	0	0	8	9	0	11	11	11	11	0	0	11	11	11	11	11	0	0	0	0	12	0	0	0	0	12	0	0	0	11	11	11	11	11	11	11	0	0	0	0	0	0	0	0	0	0	0	0	12	0	0	0	12	12	0	0	0	0	0	0	0	0	11	8	0	0	0	0	0	0	0	0	0	0	0	0	0	0	0	0	0	0	0	0	0	11	11	0	0	0	7	14	11	11	11	12
	0	14	12	12	12	9	6	7	11	7	6	7	7	11	11	9	11	10	10	13	15	16	14	9	11	11	0	0	0	0	14	11	11	0	11	0	0	0	11	9	17	0	0	11	11	5	11	11	7	8	4	11	11	11	8	8	13	11	11	11	0	11	11	8	6	0	0	8	11	8	11	11	11	0	0	10	0	0	0	8	9	0	11	11	11	11	0	0	11	11	11	11	11	0	0	0	0	12	0	0	0	0	12	0	0	0	11	11	11	11	11	11	11	0	0	0	0	0	0	0	0	0	0	0	0	12	0	0	0	12	12	0	0	0	0	0	0	0	0	11	8	0	0	0	0	0	0	0	0	0	0	0	0	0	0	0	0	0	0	0	0	0	11	11	0	0	0	7	14	11	11	11	12
	0	14	12	12	12	9	6	7	11	7	6	7	7	11	11	9	11	10	10	13	15	16	14	9	11	11	0	0	0	0	14	11	11	0	11	0	0	0	11	9	17	0	0	11	11	5	11	11	7	8	4	11	11	11	8	8	13	11	11	11	0	11	11	8	6	0	0	8	11	8	11	11	11	0	0	10	0	0	0	8	9	0	11	11	11	11	0	0	11	11	11	11	11	0	0	0	0	12	0	0	0	0	12	0	0	0	11	11	11	11	11	11	11	0	0	0	0	0	0	0	0	0	0	0	0	12	0	0	0	12	12	0	0	0	0	0	0	0	0	11	8	0	0	0	0	0	0	0	0	0	0	0	0	0	0	0	0	0	0	0	0	0	11	11	0	0	0	7	14	11	11	11	12
	11	12	8	8	8	10	8	8	0	10	8	8	8	0	10	4	6	5	5	9	12	14	14	11	0	0	11	11	11	11	18	0	0	11	0	11	11	11	0	7	13	11	11	0	0	7	0	0	9	11	11	0	0	0	3	3	7	0	0	0	11	0	0	11	8	11	11	12	0	3	0	0	0	11	11	9	11	11	11	8	4	11	0	0	0	0	11	11	0	0	0	0	0	11	11	11	11	8	11	11	11	11	8	11	11	11	0	0	0	0	0	0	0	11	11	11	11	11	11	11	11	11	11	11	11	8	11	11	11	8	8	11	11	11	11	11	11	11	11	0	3	11	11	11	11	11	11	11	11	11	11	11	11	11	11	11	11	11	11	11	11	11	0	0	11	11	11	9	17	0	0	0	8
	11	12	8	8	8	10	8	8	0	10	8	8	8	0	10	4	6	5	5	9	12	14	14	11	0	0	11	11	11	11	18	0	0	11	0	11	11	11	0	7	13	11	11	0	0	7	0	0	9	11	11	0	0	0	3	3	7	0	0	0	11	0	0	11	8	11	11	12	0	3	0	0	0	11	11	9	11	11	11	8	4	11	0	0	0	0	11	11	0	0	0	0	0	11	11	11	11	8	11	11	11	11	8	11	11	11	0	0	0	0	0	0	0	11	11	11	11	11	11	11	11	11	11	11	11	8	11	11	11	8	8	11	11	11	11	11	11	11	11	0	3	11	11	11	11	11	11	11	11	11	11	11	11	11	11	11	11	11	11	11	11	11	0	0	11	11	11	9	17	0	0	0	8
	11	12	8	8	8	10	8	8	0	10	8	8	8	0	10	4	6	5	5	9	12	14	14	11	0	0	11	11	11	11	18	0	0	11	0	11	11	11	0	7	13	11	11	0	0	7	0	0	9	11	11	0	0	0	3	3	7	0	0	0	11	0	0	11	8	11	11	12	0	3	0	0	0	11	11	9	11	11	11	8	4	11	0	0	0	0	11	11	0	0	0	0	0	11	11	11	11	8	11	11	11	11	8	11	11	11	0	0	0	0	0	0	0	11	11	11	11	11	11	11	11	11	11	11	11	8	11	11	11	8	8	11	11	11	11	11	11	11	11	0	3	11	11	11	11	11	11	11	11	11	11	11	11	11	11	11	11	11	11	11	11	11	0	0	11	11	11	9	17	0	0	0	8
	11	12	8	8	8	10	8	8	0	10	8	8	8	0	10	4	6	5	5	9	12	14	14	11	0	0	11	11	11	11	18	0	0	11	0	11	11	11	0	7	13	11	11	0	0	7	0	0	9	11	11	0	0	0	3	3	7	0	0	0	11	0	0	11	8	11	11	12	0	3	0	0	0	11	11	9	11	11	11	8	4	11	0	0	0	0	11	11	0	0	0	0	0	11	11	11	11	8	11	11	11	11	8	11	11	11	0	0	0	0	0	0	0	11	11	11	11	11	11	11	11	11	11	11	11	8	11	11	11	8	8	11	11	11	11	11	11	11	11	0	3	11	11	11	11	11	11	11	11	11	11	11	11	11	11	11	11	11	11	11	11	11	0	0	11	11	11	9	17	0	0	0	8
	11	12	8	8	8	10	8	8	0	10	8	8	8	0	10	4	6	5	5	9	12	14	14	11	0	0	11	11	11	11	18	0	0	11	0	11	11	11	0	7	13	11	11	0	0	7	0	0	9	11	11	0	0	0	3	3	7	0	0	0	11	0	0	11	8	11	11	12	0	3	0	0	0	11	11	9	11	11	11	8	4	11	0	0	0	0	11	11	0	0	0	0	0	11	11	11	11	8	11	11	11	11	8	11	11	11	0	0	0	0	0	0	0	11	11	11	11	11	11	11	11	11	11	11	11	8	11	11	11	8	8	11	11	11	11	11	11	11	11	0	3	11	11	11	11	11	11	11	11	11	11	11	11	11	11	11	11	11	11	11	11	11	0	0	11	11	11	9	17	0	0	0	8
	11	12	8	8	8	10	8	8	0	10	8	8	8	0	10	4	6	5	5	9	12	14	14	11	0	0	11	11	11	11	18	0	0	11	0	11	11	11	0	7	13	11	11	0	0	7	0	0	9	11	11	0	0	0	3	3	7	0	0	0	11	0	0	11	8	11	11	12	0	3	0	0	0	11	11	9	11	11	11	8	4	11	0	0	0	0	11	11	0	0	0	0	0	11	11	11	11	8	11	11	11	11	8	11	11	11	0	0	0	0	0	0	0	11	11	11	11	11	11	11	11	11	11	11	11	8	11	11	11	8	8	11	11	11	11	11	11	11	11	0	3	11	11	11	11	11	11	11	11	11	11	11	11	11	11	11	11	11	11	11	11	11	0	0	11	11	11	9	17	0	0	0	8
	11	12	8	8	8	10	8	8	0	10	8	8	8	0	10	4	6	5	5	9	12	14	14	11	0	0	11	11	11	11	18	0	0	11	0	11	11	11	0	7	13	11	11	0	0	7	0	0	9	11	11	0	0	0	3	3	7	0	0	0	11	0	0	11	8	11	11	12	0	3	0	0	0	11	11	9	11	11	11	8	4	11	0	0	0	0	11	11	0	0	0	0	0	11	11	11	11	8	11	11	11	11	8	11	11	11	0	0	0	0	0	0	0	11	11	11	11	11	11	11	11	11	11	11	11	8	11	11	11	8	8	11	11	11	11	11	11	11	11	0	3	11	11	11	11	11	11	11	11	11	11	11	11	11	11	11	11	11	11	11	11	11	0	0	11	11	11	9	17	0	0	0	8
	0	14	12	12	12	9	6	7	11	7	6	7	7	11	11	9	11	10	10	13	15	16	14	9	11	11	0	0	0	0	14	11	11	0	11	0	0	0	11	9	17	0	0	11	11	5	11	11	7	8	4	11	11	11	8	8	13	11	11	11	0	11	11	8	6	0	0	8	11	8	11	11	11	0	0	10	0	0	0	8	9	0	11	11	11	11	0	0	11	11	11	11	11	0	0	0	0	12	0	0	0	0	12	0	0	0	11	11	11	11	11	11	11	0	0	0	0	0	0	0	0	0	0	0	0	12	0	0	0	12	12	0	0	0	0	0	0	0	0	11	8	0	0	0	0	0	0	0	0	0	0	0	0	0	0	0	0	0	0	0	0	0	11	11	0	0	0	7	14	11	11	11	12
	0	14	12	12	12	9	6	7	11	7	6	7	7	11	11	9	11	10	10	13	15	16	14	9	11	11	0	0	0	0	14	11	11	0	11	0	0	0	11	9	17	0	0	11	11	5	11	11	7	8	4	11	11	11	8	8	13	11	11	11	0	11	11	8	6	0	0	8	11	8	11	11	11	0	0	10	0	0	0	8	9	0	11	11	11	11	0	0	11	11	11	11	11	0	0	0	0	12	0	0	0	0	12	0	0	0	11	11	11	11	11	11	11	0	0	0	0	0	0	0	0	0	0	0	0	12	0	0	0	12	12	0	0	0	0	0	0	0	0	11	8	0	0	0	0	0	0	0	0	0	0	0	0	0	0	0	0	0	0	0	0	0	11	11	0	0	0	7	14	11	11	11	12
	0	14	12	12	12	9	6	7	11	7	6	7	7	11	11	9	11	10	10	13	15	16	14	9	11	11	0	0	0	0	14	11	11	0	11	0	0	0	11	9	17	0	0	11	11	5	11	11	7	8	4	11	11	11	8	8	13	11	11	11	0	11	11	8	6	0	0	8	11	8	11	11	11	0	0	10	0	0	0	8	9	0	11	11	11	11	0	0	11	11	11	11	11	0	0	0	0	12	0	0	0	0	12	0	0	0	11	11	11	11	11	11	11	0	0	0	0	0	0	0	0	0	0	0	0	12	0	0	0	12	12	0	0	0	0	0	0	0	0	11	8	0	0	0	0	0	0	0	0	0	0	0	0	0	0	0	0	0	0	0	0	0	11	11	0	0	0	7	14	11	11	11	12
	0	14	12	12	12	9	6	7	11	7	6	7	7	11	11	9	11	10	10	13	15	16	14	9	11	11	0	0	0	0	14	11	11	0	11	0	0	0	11	9	17	0	0	11	11	5	11	11	7	8	4	11	11	11	8	8	13	11	11	11	0	11	11	8	6	0	0	8	11	8	11	11	11	0	0	10	0	0	0	8	9	0	11	11	11	11	0	0	11	11	11	11	11	0	0	0	0	12	0	0	0	0	12	0	0	0	11	11	11	11	11	11	11	0	0	0	0	0	0	0	0	0	0	0	0	12	0	0	0	12	12	0	0	0	0	0	0	0	0	11	8	0	0	0	0	0	0	0	0	0	0	0	0	0	0	0	0	0	0	0	0	0	11	11	0	0	0	7	14	11	11	11	12
	0	14	12	12	12	9	6	7	11	7	6	7	7	11	11	9	11	10	10	13	15	16	14	9	11	11	0	0	0	0	14	11	11	0	11	0	0	0	11	9	17	0	0	11	11	5	11	11	7	8	4	11	11	11	8	8	13	11	11	11	0	11	11	8	6	0	0	8	11	8	11	11	11	0	0	10	0	0	0	8	9	0	11	11	11	11	0	0	11	11	11	11	11	0	0	0	0	12	0	0	0	0	12	0	0	0	11	11	11	11	11	11	11	0	0	0	0	0	0	0	0	0	0	0	0	12	0	0	0	12	12	0	0	0	0	0	0	0	0	11	8	0	0	0	0	0	0	0	0	0	0	0	0	0	0	0	0	0	0	0	0	0	11	11	0	0	0	7	14	11	11	11	12
	0	14	12	12	12	9	6	7	11	7	6	7	7	11	11	9	11	10	10	13	15	16	14	9	11	11	0	0	0	0	14	11	11	0	11	0	0	0	11	9	17	0	0	11	11	5	11	11	7	8	4	11	11	11	8	8	13	11	11	11	0	11	11	8	6	0	0	8	11	8	11	11	11	0	0	10	0	0	0	8	9	0	11	11	11	11	0	0	11	11	11	11	11	0	0	0	0	12	0	0	0	0	12	0	0	0	11	11	11	11	11	11	11	0	0	0	0	0	0	0	0	0	0	0	0	12	0	0	0	12	12	0	0	0	0	0	0	0	0	11	8	0	0	0	0	0	0	0	0	0	0	0	0	0	0	0	0	0	0	0	0	0	11	11	0	0	0	7	14	11	11	11	12
	0	14	12	12	12	9	6	7	11	7	6	7	7	11	11	9	11	10	10	13	15	16	14	9	11	11	0	0	0	0	14	11	11	0	11	0	0	0	11	9	17	0	0	11	11	5	11	11	7	8	4	11	11	11	8	8	13	11	11	11	0	11	11	8	6	0	0	8	11	8	11	11	11	0	0	10	0	0	0	8	9	0	11	11	11	11	0	0	11	11	11	11	11	0	0	0	0	12	0	0	0	0	12	0	0	0	11	11	11	11	11	11	11	0	0	0	0	0	0	0	0	0	0	0	0	12	0	0	0	12	12	0	0	0	0	0	0	0	0	11	8	0	0	0	0	0	0	0	0	0	0	0	0	0	0	0	0	0	0	0	0	0	11	11	0	0	0	7	14	11	11	11	12
	0	14	12	12	12	9	6	7	11	7	6	7	7	11	11	9	11	10	10	13	15	16	14	9	11	11	0	0	0	0	14	11	11	0	11	0	0	0	11	9	17	0	0	11	11	5	11	11	7	8	4	11	11	11	8	8	13	11	11	11	0	11	11	8	6	0	0	8	11	8	11	11	11	0	0	10	0	0	0	8	9	0	11	11	11	11	0	0	11	11	11	11	11	0	0	0	0	12	0	0	0	0	12	0	0	0	11	11	11	11	11	11	11	0	0	0	0	0	0	0	0	0	0	0	0	12	0	0	0	12	12	0	0	0	0	0	0	0	0	11	8	0	0	0	0	0	0	0	0	0	0	0	0	0	0	0	0	0	0	0	0	0	11	11	0	0	0	7	14	11	11	11	12
	0	14	12	12	12	9	6	7	11	7	6	7	7	11	11	9	11	10	10	13	15	16	14	9	11	11	0	0	0	0	14	11	11	0	11	0	0	0	11	9	17	0	0	11	11	5	11	11	7	8	4	11	11	11	8	8	13	11	11	11	0	11	11	8	6	0	0	8	11	8	11	11	11	0	0	10	0	0	0	8	9	0	11	11	11	11	0	0	11	11	11	11	11	0	0	0	0	12	0	0	0	0	12	0	0	0	11	11	11	11	11	11	11	0	0	0	0	0	0	0	0	0	0	0	0	12	0	0	0	12	12	0	0	0	0	0	0	0	0	11	8	0	0	0	0	0	0	0	0	0	0	0	0	0	0	0	0	0	0	0	0	0	11	11	0	0	0	7	14	11	11	11	12
	0	14	12	12	12	9	6	7	11	7	6	7	7	11	11	9	11	10	10	13	15	16	14	9	11	11	0	0	0	0	14	11	11	0	11	0	0	0	11	9	17	0	0	11	11	5	11	11	7	8	4	11	11	11	8	8	13	11	11	11	0	11	11	8	6	0	0	8	11	8	11	11	11	0	0	10	0	0	0	8	9	0	11	11	11	11	0	0	11	11	11	11	11	0	0	0	0	12	0	0	0	0	12	0	0	0	11	11	11	11	11	11	11	0	0	0	0	0	0	0	0	0	0	0	0	12	0	0	0	12	12	0	0	0	0	0	0	0	0	11	8	0	0	0	0	0	0	0	0	0	0	0	0	0	0	0	0	0	0	0	0	0	11	11	0	0	0	7	14	11	11	11	12
	0	14	12	12	12	9	6	7	11	7	6	7	7	11	11	9	11	10	10	13	15	16	14	9	11	11	0	0	0	0	14	11	11	0	11	0	0	0	11	9	17	0	0	11	11	5	11	11	7	8	4	11	11	11	8	8	13	11	11	11	0	11	11	8	6	0	0	8	11	8	11	11	11	0	0	10	0	0	0	8	9	0	11	11	11	11	0	0	11	11	11	11	11	0	0	0	0	12	0	0	0	0	12	0	0	0	11	11	11	11	11	11	11	0	0	0	0	0	0	0	0	0	0	0	0	12	0	0	0	12	12	0	0	0	0	0	0	0	0	11	8	0	0	0	0	0	0	0	0	0	0	0	0	0	0	0	0	0	0	0	0	0	11	11	0	0	0	7	14	11	11	11	12
	0	14	12	12	12	9	6	7	11	7	6	7	7	11	11	9	11	10	10	13	15	16	14	9	11	11	0	0	0	0	14	11	11	0	11	0	0	0	11	9	17	0	0	11	11	5	11	11	7	8	4	11	11	11	8	8	13	11	11	11	0	11	11	8	6	0	0	8	11	8	11	11	11	0	0	10	0	0	0	8	9	0	11	11	11	11	0	0	11	11	11	11	11	0	0	0	0	12	0	0	0	0	12	0	0	0	11	11	11	11	11	11	11	0	0	0	0	0	0	0	0	0	0	0	0	12	0	0	0	12	12	0	0	0	0	0	0	0	0	11	8	0	0	0	0	0	0	0	0	0	0	0	0	0	0	0	0	0	0	0	0	0	11	11	0	0	0	7	14	11	11	11	12
	12	14	0	0	0	10	9	10	8	10	9	9	9	8	12	7	7	6	6	6	7	10	15	12	8	8	12	12	12	12	19	8	8	12	8	12	12	12	8	5	8	12	12	8	8	10	8	8	8	11	12	8	8	8	5	5	7	8	8	8	12	8	8	13	11	12	12	15	8	5	8	8	8	12	12	12	12	12	12	6	7	12	8	8	8	8	12	12	8	8	8	8	8	12	12	12	12	0	12	12	12	12	0	12	12	12	8	8	8	8	8	8	8	12	12	12	12	12	12	12	12	12	12	12	12	0	12	12	12	0	0	12	12	12	12	12	12	12	12	8	5	12	12	12	12	12	12	12	12	12	12	12	12	12	12	12	12	12	12	12	12	12	8	8	12	12	12	9	20	8	8	8	0
	0	14	12	12	12	9	6	7	11	7	6	7	7	11	11	9	11	10	10	13	15	16	14	9	11	11	0	0	0	0	14	11	11	0	11	0	0	0	11	9	17	0	0	11	11	5	11	11	7	8	4	11	11	11	8	8	13	11	11	11	0	11	11	8	6	0	0	8	11	8	11	11	11	0	0	10	0	0	0	8	9	0	11	11	11	11	0	0	11	11	11	11	11	0	0	0	0	12	0	0	0	0	12	0	0	0	11	11	11	11	11	11	11	0	0	0	0	0	0	0	0	0	0	0	0	12	0	0	0	12	12	0	0	0	0	0	0	0	0	11	8	0	0	0	0	0	0	0	0	0	0	0	0	0	0	0	0	0	0	0	0	0	11	11	0	0	0	7	14	11	11	11	12
	0	14	12	12	12	9	6	7	11	7	6	7	7	11	11	9	11	10	10	13	15	16	14	9	11	11	0	0	0	0	14	11	11	0	11	0	0	0	11	9	17	0	0	11	11	5	11	11	7	8	4	11	11	11	8	8	13	11	11	11	0	11	11	8	6	0	0	8	11	8	11	11	11	0	0	10	0	0	0	8	9	0	11	11	11	11	0	0	11	11	11	11	11	0	0	0	0	12	0	0	0	0	12	0	0	0	11	11	11	11	11	11	11	0	0	0	0	0	0	0	0	0	0	0	0	12	0	0	0	12	12	0	0	0	0	0	0	0	0	11	8	0	0	0	0	0	0	0	0	0	0	0	0	0	0	0	0	0	0	0	0	0	11	11	0	0	0	7	14	11	11	11	12
	0	14	12	12	12	9	6	7	11	7	6	7	7	11	11	9	11	10	10	13	15	16	14	9	11	11	0	0	0	0	14	11	11	0	11	0	0	0	11	9	17	0	0	11	11	5	11	11	7	8	4	11	11	11	8	8	13	11	11	11	0	11	11	8	6	0	0	8	11	8	11	11	11	0	0	10	0	0	0	8	9	0	11	11	11	11	0	0	11	11	11	11	11	0	0	0	0	12	0	0	0	0	12	0	0	0	11	11	11	11	11	11	11	0	0	0	0	0	0	0	0	0	0	0	0	12	0	0	0	12	12	0	0	0	0	0	0	0	0	11	8	0	0	0	0	0	0	0	0	0	0	0	0	0	0	0	0	0	0	0	0	0	11	11	0	0	0	7	14	11	11	11	12
	12	14	0	0	0	10	9	10	8	10	9	9	9	8	12	7	7	6	6	6	7	10	15	12	8	8	12	12	12	12	19	8	8	12	8	12	12	12	8	5	8	12	12	8	8	10	8	8	8	11	12	8	8	8	5	5	7	8	8	8	12	8	8	13	11	12	12	15	8	5	8	8	8	12	12	12	12	12	12	6	7	12	8	8	8	8	12	12	8	8	8	8	8	12	12	12	12	0	12	12	12	12	0	12	12	12	8	8	8	8	8	8	8	12	12	12	12	12	12	12	12	12	12	12	12	0	12	12	12	0	0	12	12	12	12	12	12	12	12	8	5	12	12	12	12	12	12	12	12	12	12	12	12	12	12	12	12	12	12	12	12	12	8	8	12	12	12	9	20	8	8	8	0
	12	14	0	0	0	10	9	10	8	10	9	9	9	8	12	7	7	6	6	6	7	10	15	12	8	8	12	12	12	12	19	8	8	12	8	12	12	12	8	5	8	12	12	8	8	10	8	8	8	11	12	8	8	8	5	5	7	8	8	8	12	8	8	13	11	12	12	15	8	5	8	8	8	12	12	12	12	12	12	6	7	12	8	8	8	8	12	12	8	8	8	8	8	12	12	12	12	0	12	12	12	12	0	12	12	12	8	8	8	8	8	8	8	12	12	12	12	12	12	12	12	12	12	12	12	0	12	12	12	0	0	12	12	12	12	12	12	12	12	8	5	12	12	12	12	12	12	12	12	12	12	12	12	12	12	12	12	12	12	12	12	12	8	8	12	12	12	9	20	8	8	8	0
	0	14	12	12	12	9	6	7	11	7	6	7	7	11	11	9	11	10	10	13	15	16	14	9	11	11	0	0	0	0	14	11	11	0	11	0	0	0	11	9	17	0	0	11	11	5	11	11	7	8	4	11	11	11	8	8	13	11	11	11	0	11	11	8	6	0	0	8	11	8	11	11	11	0	0	10	0	0	0	8	9	0	11	11	11	11	0	0	11	11	11	11	11	0	0	0	0	12	0	0	0	0	12	0	0	0	11	11	11	11	11	11	11	0	0	0	0	0	0	0	0	0	0	0	0	12	0	0	0	12	12	0	0	0	0	0	0	0	0	11	8	0	0	0	0	0	0	0	0	0	0	0	0	0	0	0	0	0	0	0	0	0	11	11	0	0	0	7	14	11	11	11	12
	0	14	12	12	12	9	6	7	11	7	6	7	7	11	11	9	11	10	10	13	15	16	14	9	11	11	0	0	0	0	14	11	11	0	11	0	0	0	11	9	17	0	0	11	11	5	11	11	7	8	4	11	11	11	8	8	13	11	11	11	0	11	11	8	6	0	0	8	11	8	11	11	11	0	0	10	0	0	0	8	9	0	11	11	11	11	0	0	11	11	11	11	11	0	0	0	0	12	0	0	0	0	12	0	0	0	11	11	11	11	11	11	11	0	0	0	0	0	0	0	0	0	0	0	0	12	0	0	0	12	12	0	0	0	0	0	0	0	0	11	8	0	0	0	0	0	0	0	0	0	0	0	0	0	0	0	0	0	0	0	0	0	11	11	0	0	0	7	14	11	11	11	12
	0	14	12	12	12	9	6	7	11	7	6	7	7	11	11	9	11	10	10	13	15	16	14	9	11	11	0	0	0	0	14	11	11	0	11	0	0	0	11	9	17	0	0	11	11	5	11	11	7	8	4	11	11	11	8	8	13	11	11	11	0	11	11	8	6	0	0	8	11	8	11	11	11	0	0	10	0	0	0	8	9	0	11	11	11	11	0	0	11	11	11	11	11	0	0	0	0	12	0	0	0	0	12	0	0	0	11	11	11	11	11	11	11	0	0	0	0	0	0	0	0	0	0	0	0	12	0	0	0	12	12	0	0	0	0	0	0	0	0	11	8	0	0	0	0	0	0	0	0	0	0	0	0	0	0	0	0	0	0	0	0	0	11	11	0	0	0	7	14	11	11	11	12
	0	14	12	12	12	9	6	7	11	7	6	7	7	11	11	9	11	10	10	13	15	16	14	9	11	11	0	0	0	0	14	11	11	0	11	0	0	0	11	9	17	0	0	11	11	5	11	11	7	8	4	11	11	11	8	8	13	11	11	11	0	11	11	8	6	0	0	8	11	8	11	11	11	0	0	10	0	0	0	8	9	0	11	11	11	11	0	0	11	11	11	11	11	0	0	0	0	12	0	0	0	0	12	0	0	0	11	11	11	11	11	11	11	0	0	0	0	0	0	0	0	0	0	0	0	12	0	0	0	12	12	0	0	0	0	0	0	0	0	11	8	0	0	0	0	0	0	0	0	0	0	0	0	0	0	0	0	0	0	0	0	0	11	11	0	0	0	7	14	11	11	11	12
	0	14	12	12	12	9	6	7	11	7	6	7	7	11	11	9	11	10	10	13	15	16	14	9	11	11	0	0	0	0	14	11	11	0	11	0	0	0	11	9	17	0	0	11	11	5	11	11	7	8	4	11	11	11	8	8	13	11	11	11	0	11	11	8	6	0	0	8	11	8	11	11	11	0	0	10	0	0	0	8	9	0	11	11	11	11	0	0	11	11	11	11	11	0	0	0	0	12	0	0	0	0	12	0	0	0	11	11	11	11	11	11	11	0	0	0	0	0	0	0	0	0	0	0	0	12	0	0	0	12	12	0	0	0	0	0	0	0	0	11	8	0	0	0	0	0	0	0	0	0	0	0	0	0	0	0	0	0	0	0	0	0	11	11	0	0	0	7	14	11	11	11	12
	0	14	12	12	12	9	6	7	11	7	6	7	7	11	11	9	11	10	10	13	15	16	14	9	11	11	0	0	0	0	14	11	11	0	11	0	0	0	11	9	17	0	0	11	11	5	11	11	7	8	4	11	11	11	8	8	13	11	11	11	0	11	11	8	6	0	0	8	11	8	11	11	11	0	0	10	0	0	0	8	9	0	11	11	11	11	0	0	11	11	11	11	11	0	0	0	0	12	0	0	0	0	12	0	0	0	11	11	11	11	11	11	11	0	0	0	0	0	0	0	0	0	0	0	0	12	0	0	0	12	12	0	0	0	0	0	0	0	0	11	8	0	0	0	0	0	0	0	0	0	0	0	0	0	0	0	0	0	0	0	0	0	11	11	0	0	0	7	14	11	11	11	12
	0	14	12	12	12	9	6	7	11	7	6	7	7	11	11	9	11	10	10	13	15	16	14	9	11	11	0	0	0	0	14	11	11	0	11	0	0	0	11	9	17	0	0	11	11	5	11	11	7	8	4	11	11	11	8	8	13	11	11	11	0	11	11	8	6	0	0	8	11	8	11	11	11	0	0	10	0	0	0	8	9	0	11	11	11	11	0	0	11	11	11	11	11	0	0	0	0	12	0	0	0	0	12	0	0	0	11	11	11	11	11	11	11	0	0	0	0	0	0	0	0	0	0	0	0	12	0	0	0	12	12	0	0	0	0	0	0	0	0	11	8	0	0	0	0	0	0	0	0	0	0	0	0	0	0	0	0	0	0	0	0	0	11	11	0	0	0	7	14	11	11	11	12
	0	14	12	12	12	9	6	7	11	7	6	7	7	11	11	9	11	10	10	13	15	16	14	9	11	11	0	0	0	0	14	11	11	0	11	0	0	0	11	9	17	0	0	11	11	5	11	11	7	8	4	11	11	11	8	8	13	11	11	11	0	11	11	8	6	0	0	8	11	8	11	11	11	0	0	10	0	0	0	8	9	0	11	11	11	11	0	0	11	11	11	11	11	0	0	0	0	12	0	0	0	0	12	0	0	0	11	11	11	11	11	11	11	0	0	0	0	0	0	0	0	0	0	0	0	12	0	0	0	12	12	0	0	0	0	0	0	0	0	11	8	0	0	0	0	0	0	0	0	0	0	0	0	0	0	0	0	0	0	0	0	0	11	11	0	0	0	7	14	11	11	11	12
	11	12	8	8	8	10	8	8	0	10	8	8	8	0	10	4	6	5	5	9	12	14	14	11	0	0	11	11	11	11	18	0	0	11	0	11	11	11	0	7	13	11	11	0	0	7	0	0	9	11	11	0	0	0	3	3	7	0	0	0	11	0	0	11	8	11	11	12	0	3	0	0	0	11	11	9	11	11	11	8	4	11	0	0	0	0	11	11	0	0	0	0	0	11	11	11	11	8	11	11	11	11	8	11	11	11	0	0	0	0	0	0	0	11	11	11	11	11	11	11	11	11	11	11	11	8	11	11	11	8	8	11	11	11	11	11	11	11	11	0	3	11	11	11	11	11	11	11	11	11	11	11	11	11	11	11	11	11	11	11	11	11	0	0	11	11	11	9	17	0	0	0	8
	8	12	5	5	5	7	6	5	3	9	5	5	5	3	8	4	5	4	4	8	9	11	12	9	3	3	8	8	8	8	15	3	3	8	3	8	8	8	3	4	10	8	8	3	3	5	3	3	6	9	10	3	3	3	0	0	6	3	3	3	8	3	3	11	6	8	8	12	3	0	3	3	3	8	8	9	8	8	8	5	4	8	3	3	3	3	8	8	3	3	3	3	3	8	8	8	8	5	8	8	8	8	5	8	8	8	3	3	3	3	3	3	3	8	8	8	8	8	8	8	8	8	8	8	8	5	8	8	8	5	5	8	8	8	8	8	8	8	8	3	0	8	8	8	8	8	8	8	8	8	8	8	8	8	8	8	8	8	8	8	8	8	3	3	8	8	8	6	16	3	3	3	5
	0	14	12	12	12	9	6	7	11	7	6	7	7	11	11	9	11	10	10	13	15	16	14	9	11	11	0	0	0	0	14	11	11	0	11	0	0	0	11	9	17	0	0	11	11	5	11	11	7	8	4	11	11	11	8	8	13	11	11	11	0	11	11	8	6	0	0	8	11	8	11	11	11	0	0	10	0	0	0	8	9	0	11	11	11	11	0	0	11	11	11	11	11	0	0	0	0	12	0	0	0	0	12	0	0	0	11	11	11	11	11	11	11	0	0	0	0	0	0	0	0	0	0	0	0	12	0	0	0	12	12	0	0	0	0	0	0	0	0	11	8	0	0	0	0	0	0	0	0	0	0	0	0	0	0	0	0	0	0	0	0	0	11	11	0	0	0	7	14	11	11	11	12
	0	14	12	12	12	9	6	7	11	7	6	7	7	11	11	9	11	10	10	13	15	16	14	9	11	11	0	0	0	0	14	11	11	0	11	0	0	0	11	9	17	0	0	11	11	5	11	11	7	8	4	11	11	11	8	8	13	11	11	11	0	11	11	8	6	0	0	8	11	8	11	11	11	0	0	10	0	0	0	8	9	0	11	11	11	11	0	0	11	11	11	11	11	0	0	0	0	12	0	0	0	0	12	0	0	0	11	11	11	11	11	11	11	0	0	0	0	0	0	0	0	0	0	0	0	12	0	0	0	12	12	0	0	0	0	0	0	0	0	11	8	0	0	0	0	0	0	0	0	0	0	0	0	0	0	0	0	0	0	0	0	0	11	11	0	0	0	7	14	11	11	11	12
	0	14	12	12	12	9	6	7	11	7	6	7	7	11	11	9	11	10	10	13	15	16	14	9	11	11	0	0	0	0	14	11	11	0	11	0	0	0	11	9	17	0	0	11	11	5	11	11	7	8	4	11	11	11	8	8	13	11	11	11	0	11	11	8	6	0	0	8	11	8	11	11	11	0	0	10	0	0	0	8	9	0	11	11	11	11	0	0	11	11	11	11	11	0	0	0	0	12	0	0	0	0	12	0	0	0	11	11	11	11	11	11	11	0	0	0	0	0	0	0	0	0	0	0	0	12	0	0	0	12	12	0	0	0	0	0	0	0	0	11	8	0	0	0	0	0	0	0	0	0	0	0	0	0	0	0	0	0	0	0	0	0	11	11	0	0	0	7	14	11	11	11	12
	0	14	12	12	12	9	6	7	11	7	6	7	7	11	11	9	11	10	10	13	15	16	14	9	11	11	0	0	0	0	14	11	11	0	11	0	0	0	11	9	17	0	0	11	11	5	11	11	7	8	4	11	11	11	8	8	13	11	11	11	0	11	11	8	6	0	0	8	11	8	11	11	11	0	0	10	0	0	0	8	9	0	11	11	11	11	0	0	11	11	11	11	11	0	0	0	0	12	0	0	0	0	12	0	0	0	11	11	11	11	11	11	11	0	0	0	0	0	0	0	0	0	0	0	0	12	0	0	0	12	12	0	0	0	0	0	0	0	0	11	8	0	0	0	0	0	0	0	0	0	0	0	0	0	0	0	0	0	0	0	0	0	11	11	0	0	0	7	14	11	11	11	12
	0	14	12	12	12	9	6	7	11	7	6	7	7	11	11	9	11	10	10	13	15	16	14	9	11	11	0	0	0	0	14	11	11	0	11	0	0	0	11	9	17	0	0	11	11	5	11	11	7	8	4	11	11	11	8	8	13	11	11	11	0	11	11	8	6	0	0	8	11	8	11	11	11	0	0	10	0	0	0	8	9	0	11	11	11	11	0	0	11	11	11	11	11	0	0	0	0	12	0	0	0	0	12	0	0	0	11	11	11	11	11	11	11	0	0	0	0	0	0	0	0	0	0	0	0	12	0	0	0	12	12	0	0	0	0	0	0	0	0	11	8	0	0	0	0	0	0	0	0	0	0	0	0	0	0	0	0	0	0	0	0	0	11	11	0	0	0	7	14	11	11	11	12
	0	14	12	12	12	9	6	7	11	7	6	7	7	11	11	9	11	10	10	13	15	16	14	9	11	11	0	0	0	0	14	11	11	0	11	0	0	0	11	9	17	0	0	11	11	5	11	11	7	8	4	11	11	11	8	8	13	11	11	11	0	11	11	8	6	0	0	8	11	8	11	11	11	0	0	10	0	0	0	8	9	0	11	11	11	11	0	0	11	11	11	11	11	0	0	0	0	12	0	0	0	0	12	0	0	0	11	11	11	11	11	11	11	0	0	0	0	0	0	0	0	0	0	0	0	12	0	0	0	12	12	0	0	0	0	0	0	0	0	11	8	0	0	0	0	0	0	0	0	0	0	0	0	0	0	0	0	0	0	0	0	0	11	11	0	0	0	7	14	11	11	11	12
	0	14	12	12	12	9	6	7	11	7	6	7	7	11	11	9	11	10	10	13	15	16	14	9	11	11	0	0	0	0	14	11	11	0	11	0	0	0	11	9	17	0	0	11	11	5	11	11	7	8	4	11	11	11	8	8	13	11	11	11	0	11	11	8	6	0	0	8	11	8	11	11	11	0	0	10	0	0	0	8	9	0	11	11	11	11	0	0	11	11	11	11	11	0	0	0	0	12	0	0	0	0	12	0	0	0	11	11	11	11	11	11	11	0	0	0	0	0	0	0	0	0	0	0	0	12	0	0	0	12	12	0	0	0	0	0	0	0	0	11	8	0	0	0	0	0	0	0	0	0	0	0	0	0	0	0	0	0	0	0	0	0	11	11	0	0	0	7	14	11	11	11	12
	0	14	12	12	12	9	6	7	11	7	6	7	7	11	11	9	11	10	10	13	15	16	14	9	11	11	0	0	0	0	14	11	11	0	11	0	0	0	11	9	17	0	0	11	11	5	11	11	7	8	4	11	11	11	8	8	13	11	11	11	0	11	11	8	6	0	0	8	11	8	11	11	11	0	0	10	0	0	0	8	9	0	11	11	11	11	0	0	11	11	11	11	11	0	0	0	0	12	0	0	0	0	12	0	0	0	11	11	11	11	11	11	11	0	0	0	0	0	0	0	0	0	0	0	0	12	0	0	0	12	12	0	0	0	0	0	0	0	0	11	8	0	0	0	0	0	0	0	0	0	0	0	0	0	0	0	0	0	0	0	0	0	11	11	0	0	0	7	14	11	11	11	12
	0	14	12	12	12	9	6	7	11	7	6	7	7	11	11	9	11	10	10	13	15	16	14	9	11	11	0	0	0	0	14	11	11	0	11	0	0	0	11	9	17	0	0	11	11	5	11	11	7	8	4	11	11	11	8	8	13	11	11	11	0	11	11	8	6	0	0	8	11	8	11	11	11	0	0	10	0	0	0	8	9	0	11	11	11	11	0	0	11	11	11	11	11	0	0	0	0	12	0	0	0	0	12	0	0	0	11	11	11	11	11	11	11	0	0	0	0	0	0	0	0	0	0	0	0	12	0	0	0	12	12	0	0	0	0	0	0	0	0	11	8	0	0	0	0	0	0	0	0	0	0	0	0	0	0	0	0	0	0	0	0	0	11	11	0	0	0	7	14	11	11	11	12
	0	14	12	12	12	9	6	7	11	7	6	7	7	11	11	9	11	10	10	13	15	16	14	9	11	11	0	0	0	0	14	11	11	0	11	0	0	0	11	9	17	0	0	11	11	5	11	11	7	8	4	11	11	11	8	8	13	11	11	11	0	11	11	8	6	0	0	8	11	8	11	11	11	0	0	10	0	0	0	8	9	0	11	11	11	11	0	0	11	11	11	11	11	0	0	0	0	12	0	0	0	0	12	0	0	0	11	11	11	11	11	11	11	0	0	0	0	0	0	0	0	0	0	0	0	12	0	0	0	12	12	0	0	0	0	0	0	0	0	11	8	0	0	0	0	0	0	0	0	0	0	0	0	0	0	0	0	0	0	0	0	0	11	11	0	0	0	7	14	11	11	11	12
	0	14	12	12	12	9	6	7	11	7	6	7	7	11	11	9	11	10	10	13	15	16	14	9	11	11	0	0	0	0	14	11	11	0	11	0	0	0	11	9	17	0	0	11	11	5	11	11	7	8	4	11	11	11	8	8	13	11	11	11	0	11	11	8	6	0	0	8	11	8	11	11	11	0	0	10	0	0	0	8	9	0	11	11	11	11	0	0	11	11	11	11	11	0	0	0	0	12	0	0	0	0	12	0	0	0	11	11	11	11	11	11	11	0	0	0	0	0	0	0	0	0	0	0	0	12	0	0	0	12	12	0	0	0	0	0	0	0	0	11	8	0	0	0	0	0	0	0	0	0	0	0	0	0	0	0	0	0	0	0	0	0	11	11	0	0	0	7	14	11	11	11	12
	0	14	12	12	12	9	6	7	11	7	6	7	7	11	11	9	11	10	10	13	15	16	14	9	11	11	0	0	0	0	14	11	11	0	11	0	0	0	11	9	17	0	0	11	11	5	11	11	7	8	4	11	11	11	8	8	13	11	11	11	0	11	11	8	6	0	0	8	11	8	11	11	11	0	0	10	0	0	0	8	9	0	11	11	11	11	0	0	11	11	11	11	11	0	0	0	0	12	0	0	0	0	12	0	0	0	11	11	11	11	11	11	11	0	0	0	0	0	0	0	0	0	0	0	0	12	0	0	0	12	12	0	0	0	0	0	0	0	0	11	8	0	0	0	0	0	0	0	0	0	0	0	0	0	0	0	0	0	0	0	0	0	11	11	0	0	0	7	14	11	11	11	12
	0	14	12	12	12	9	6	7	11	7	6	7	7	11	11	9	11	10	10	13	15	16	14	9	11	11	0	0	0	0	14	11	11	0	11	0	0	0	11	9	17	0	0	11	11	5	11	11	7	8	4	11	11	11	8	8	13	11	11	11	0	11	11	8	6	0	0	8	11	8	11	11	11	0	0	10	0	0	0	8	9	0	11	11	11	11	0	0	11	11	11	11	11	0	0	0	0	12	0	0	0	0	12	0	0	0	11	11	11	11	11	11	11	0	0	0	0	0	0	0	0	0	0	0	0	12	0	0	0	12	12	0	0	0	0	0	0	0	0	11	8	0	0	0	0	0	0	0	0	0	0	0	0	0	0	0	0	0	0	0	0	0	11	11	0	0	0	7	14	11	11	11	12
	0	14	12	12	12	9	6	7	11	7	6	7	7	11	11	9	11	10	10	13	15	16	14	9	11	11	0	0	0	0	14	11	11	0	11	0	0	0	11	9	17	0	0	11	11	5	11	11	7	8	4	11	11	11	8	8	13	11	11	11	0	11	11	8	6	0	0	8	11	8	11	11	11	0	0	10	0	0	0	8	9	0	11	11	11	11	0	0	11	11	11	11	11	0	0	0	0	12	0	0	0	0	12	0	0	0	11	11	11	11	11	11	11	0	0	0	0	0	0	0	0	0	0	0	0	12	0	0	0	12	12	0	0	0	0	0	0	0	0	11	8	0	0	0	0	0	0	0	0	0	0	0	0	0	0	0	0	0	0	0	0	0	11	11	0	0	0	7	14	11	11	11	12
	0	14	12	12	12	9	6	7	11	7	6	7	7	11	11	9	11	10	10	13	15	16	14	9	11	11	0	0	0	0	14	11	11	0	11	0	0	0	11	9	17	0	0	11	11	5	11	11	7	8	4	11	11	11	8	8	13	11	11	11	0	11	11	8	6	0	0	8	11	8	11	11	11	0	0	10	0	0	0	8	9	0	11	11	11	11	0	0	11	11	11	11	11	0	0	0	0	12	0	0	0	0	12	0	0	0	11	11	11	11	11	11	11	0	0	0	0	0	0	0	0	0	0	0	0	12	0	0	0	12	12	0	0	0	0	0	0	0	0	11	8	0	0	0	0	0	0	0	0	0	0	0	0	0	0	0	0	0	0	0	0	0	11	11	0	0	0	7	14	11	11	11	12
	0	14	12	12	12	9	6	7	11	7	6	7	7	11	11	9	11	10	10	13	15	16	14	9	11	11	0	0	0	0	14	11	11	0	11	0	0	0	11	9	17	0	0	11	11	5	11	11	7	8	4	11	11	11	8	8	13	11	11	11	0	11	11	8	6	0	0	8	11	8	11	11	11	0	0	10	0	0	0	8	9	0	11	11	11	11	0	0	11	11	11	11	11	0	0	0	0	12	0	0	0	0	12	0	0	0	11	11	11	11	11	11	11	0	0	0	0	0	0	0	0	0	0	0	0	12	0	0	0	12	12	0	0	0	0	0	0	0	0	11	8	0	0	0	0	0	0	0	0	0	0	0	0	0	0	0	0	0	0	0	0	0	11	11	0	0	0	7	14	11	11	11	12
	0	14	12	12	12	9	6	7	11	7	6	7	7	11	11	9	11	10	10	13	15	16	14	9	11	11	0	0	0	0	14	11	11	0	11	0	0	0	11	9	17	0	0	11	11	5	11	11	7	8	4	11	11	11	8	8	13	11	11	11	0	11	11	8	6	0	0	8	11	8	11	11	11	0	0	10	0	0	0	8	9	0	11	11	11	11	0	0	11	11	11	11	11	0	0	0	0	12	0	0	0	0	12	0	0	0	11	11	11	11	11	11	11	0	0	0	0	0	0	0	0	0	0	0	0	12	0	0	0	12	12	0	0	0	0	0	0	0	0	11	8	0	0	0	0	0	0	0	0	0	0	0	0	0	0	0	0	0	0	0	0	0	11	11	0	0	0	7	14	11	11	11	12
	0	14	12	12	12	9	6	7	11	7	6	7	7	11	11	9	11	10	10	13	15	16	14	9	11	11	0	0	0	0	14	11	11	0	11	0	0	0	11	9	17	0	0	11	11	5	11	11	7	8	4	11	11	11	8	8	13	11	11	11	0	11	11	8	6	0	0	8	11	8	11	11	11	0	0	10	0	0	0	8	9	0	11	11	11	11	0	0	11	11	11	11	11	0	0	0	0	12	0	0	0	0	12	0	0	0	11	11	11	11	11	11	11	0	0	0	0	0	0	0	0	0	0	0	0	12	0	0	0	12	12	0	0	0	0	0	0	0	0	11	8	0	0	0	0	0	0	0	0	0	0	0	0	0	0	0	0	0	0	0	0	0	11	11	0	0	0	7	14	11	11	11	12
	0	14	12	12	12	9	6	7	11	7	6	7	7	11	11	9	11	10	10	13	15	16	14	9	11	11	0	0	0	0	14	11	11	0	11	0	0	0	11	9	17	0	0	11	11	5	11	11	7	8	4	11	11	11	8	8	13	11	11	11	0	11	11	8	6	0	0	8	11	8	11	11	11	0	0	10	0	0	0	8	9	0	11	11	11	11	0	0	11	11	11	11	11	0	0	0	0	12	0	0	0	0	12	0	0	0	11	11	11	11	11	11	11	0	0	0	0	0	0	0	0	0	0	0	0	12	0	0	0	12	12	0	0	0	0	0	0	0	0	11	8	0	0	0	0	0	0	0	0	0	0	0	0	0	0	0	0	0	0	0	0	0	11	11	0	0	0	7	14	11	11	11	12
	0	14	12	12	12	9	6	7	11	7	6	7	7	11	11	9	11	10	10	13	15	16	14	9	11	11	0	0	0	0	14	11	11	0	11	0	0	0	11	9	17	0	0	11	11	5	11	11	7	8	4	11	11	11	8	8	13	11	11	11	0	11	11	8	6	0	0	8	11	8	11	11	11	0	0	10	0	0	0	8	9	0	11	11	11	11	0	0	11	11	11	11	11	0	0	0	0	12	0	0	0	0	12	0	0	0	11	11	11	11	11	11	11	0	0	0	0	0	0	0	0	0	0	0	0	12	0	0	0	12	12	0	0	0	0	0	0	0	0	11	8	0	0	0	0	0	0	0	0	0	0	0	0	0	0	0	0	0	0	0	0	0	11	11	0	0	0	7	14	11	11	11	12
	0	14	12	12	12	9	6	7	11	7	6	7	7	11	11	9	11	10	10	13	15	16	14	9	11	11	0	0	0	0	14	11	11	0	11	0	0	0	11	9	17	0	0	11	11	5	11	11	7	8	4	11	11	11	8	8	13	11	11	11	0	11	11	8	6	0	0	8	11	8	11	11	11	0	0	10	0	0	0	8	9	0	11	11	11	11	0	0	11	11	11	11	11	0	0	0	0	12	0	0	0	0	12	0	0	0	11	11	11	11	11	11	11	0	0	0	0	0	0	0	0	0	0	0	0	12	0	0	0	12	12	0	0	0	0	0	0	0	0	11	8	0	0	0	0	0	0	0	0	0	0	0	0	0	0	0	0	0	0	0	0	0	11	11	0	0	0	7	14	11	11	11	12
	11	12	8	8	8	10	8	8	0	10	8	8	8	0	10	4	6	5	5	9	12	14	14	11	0	0	11	11	11	11	18	0	0	11	0	11	11	11	0	7	13	11	11	0	0	7	0	0	9	11	11	0	0	0	3	3	7	0	0	0	11	0	0	11	8	11	11	12	0	3	0	0	0	11	11	9	11	11	11	8	4	11	0	0	0	0	11	11	0	0	0	0	0	11	11	11	11	8	11	11	11	11	8	11	11	11	0	0	0	0	0	0	0	11	11	11	11	11	11	11	11	11	11	11	11	8	11	11	11	8	8	11	11	11	11	11	11	11	11	0	3	11	11	11	11	11	11	11	11	11	11	11	11	11	11	11	11	11	11	11	11	11	0	0	11	11	11	9	17	0	0	0	8
	11	12	8	8	8	10	8	8	0	10	8	8	8	0	10	4	6	5	5	9	12	14	14	11	0	0	11	11	11	11	18	0	0	11	0	11	11	11	0	7	13	11	11	0	0	7	0	0	9	11	11	0	0	0	3	3	7	0	0	0	11	0	0	11	8	11	11	12	0	3	0	0	0	11	11	9	11	11	11	8	4	11	0	0	0	0	11	11	0	0	0	0	0	11	11	11	11	8	11	11	11	11	8	11	11	11	0	0	0	0	0	0	0	11	11	11	11	11	11	11	11	11	11	11	11	8	11	11	11	8	8	11	11	11	11	11	11	11	11	0	3	11	11	11	11	11	11	11	11	11	11	11	11	11	11	11	11	11	11	11	11	11	0	0	11	11	11	9	17	0	0	0	8
	0	14	12	12	12	9	6	7	11	7	6	7	7	11	11	9	11	10	10	13	15	16	14	9	11	11	0	0	0	0	14	11	11	0	11	0	0	0	11	9	17	0	0	11	11	5	11	11	7	8	4	11	11	11	8	8	13	11	11	11	0	11	11	8	6	0	0	8	11	8	11	11	11	0	0	10	0	0	0	8	9	0	11	11	11	11	0	0	11	11	11	11	11	0	0	0	0	12	0	0	0	0	12	0	0	0	11	11	11	11	11	11	11	0	0	0	0	0	0	0	0	0	0	0	0	12	0	0	0	12	12	0	0	0	0	0	0	0	0	11	8	0	0	0	0	0	0	0	0	0	0	0	0	0	0	0	0	0	0	0	0	0	11	11	0	0	0	7	14	11	11	11	12
	0	14	12	12	12	9	6	7	11	7	6	7	7	11	11	9	11	10	10	13	15	16	14	9	11	11	0	0	0	0	14	11	11	0	11	0	0	0	11	9	17	0	0	11	11	5	11	11	7	8	4	11	11	11	8	8	13	11	11	11	0	11	11	8	6	0	0	8	11	8	11	11	11	0	0	10	0	0	0	8	9	0	11	11	11	11	0	0	11	11	11	11	11	0	0	0	0	12	0	0	0	0	12	0	0	0	11	11	11	11	11	11	11	0	0	0	0	0	0	0	0	0	0	0	0	12	0	0	0	12	12	0	0	0	0	0	0	0	0	11	8	0	0	0	0	0	0	0	0	0	0	0	0	0	0	0	0	0	0	0	0	0	11	11	0	0	0	7	14	11	11	11	12
	0	14	12	12	12	9	6	7	11	7	6	7	7	11	11	9	11	10	10	13	15	16	14	9	11	11	0	0	0	0	14	11	11	0	11	0	0	0	11	9	17	0	0	11	11	5	11	11	7	8	4	11	11	11	8	8	13	11	11	11	0	11	11	8	6	0	0	8	11	8	11	11	11	0	0	10	0	0	0	8	9	0	11	11	11	11	0	0	11	11	11	11	11	0	0	0	0	12	0	0	0	0	12	0	0	0	11	11	11	11	11	11	11	0	0	0	0	0	0	0	0	0	0	0	0	12	0	0	0	12	12	0	0	0	0	0	0	0	0	11	8	0	0	0	0	0	0	0	0	0	0	0	0	0	0	0	0	0	0	0	0	0	11	11	0	0	0	7	14	11	11	11	12
	7	13	9	9	9	6	6	5	9	5	3	1	1	9	9	5	6	6	6	12	11	14	11	8	9	9	7	7	7	7	13	9	9	7	9	7	7	7	9	6	11	7	7	9	9	5	9	9	5	5	6	9	9	9	6	6	8	9	9	9	7	9	9	8	6	7	7	9	9	6	9	9	9	7	7	9	7	7	7	6	5	7	9	9	9	9	7	7	9	9	9	9	9	7	7	7	7	9	7	7	7	7	9	7	7	7	9	9	9	9	9	9	9	7	7	7	7	7	7	7	7	7	7	7	7	9	7	7	7	9	9	7	7	7	7	7	7	7	7	9	6	7	7	7	7	7	7	7	7	7	7	7	7	7	7	7	7	7	7	7	7	7	9	9	7	7	7	0	14	9	9	9	9
	14	22	20	20	20	17	16	16	17	16	14	15	15	17	19	16	14	15	15	21	21	22	18	18	17	17	14	14	14	14	15	17	17	14	17	14	14	14	17	18	21	14	14	17	17	17	17	17	14	16	15	17	17	17	16	16	16	17	17	17	14	17	17	15	18	14	14	17	17	16	17	17	17	14	14	18	14	14	14	15	16	14	17	17	17	17	14	14	17	17	17	17	17	14	14	14	14	20	14	14	14	14	20	14	14	14	17	17	17	17	17	17	17	14	14	14	14	14	14	14	14	14	14	14	14	20	14	14	14	20	20	14	14	14	14	14	14	14	14	17	16	14	14	14	14	14	14	14	14	14	14	14	14	14	14	14	14	14	14	14	14	14	17	17	14	14	14	14	0	17	17	17	20
	11	12	8	8	8	10	8	8	0	10	8	8	8	0	10	4	6	5	5	9	12	14	14	11	0	0	11	11	11	11	18	0	0	11	0	11	11	11	0	7	13	11	11	0	0	7	0	0	9	11	11	0	0	0	3	3	7	0	0	0	11	0	0	11	8	11	11	12	0	3	0	0	0	11	11	9	11	11	11	8	4	11	0	0	0	0	11	11	0	0	0	0	0	11	11	11	11	8	11	11	11	11	8	11	11	11	0	0	0	0	0	0	0	11	11	11	11	11	11	11	11	11	11	11	11	8	11	11	11	8	8	11	11	11	11	11	11	11	11	0	3	11	11	11	11	11	11	11	11	11	11	11	11	11	11	11	11	11	11	11	11	11	0	0	11	11	11	9	17	0	0	0	8
	11	12	8	8	8	10	8	8	0	10	8	8	8	0	10	4	6	5	5	9	12	14	14	11	0	0	11	11	11	11	18	0	0	11	0	11	11	11	0	7	13	11	11	0	0	7	0	0	9	11	11	0	0	0	3	3	7	0	0	0	11	0	0	11	8	11	11	12	0	3	0	0	0	11	11	9	11	11	11	8	4	11	0	0	0	0	11	11	0	0	0	0	0	11	11	11	11	8	11	11	11	11	8	11	11	11	0	0	0	0	0	0	0	11	11	11	11	11	11	11	11	11	11	11	11	8	11	11	11	8	8	11	11	11	11	11	11	11	11	0	3	11	11	11	11	11	11	11	11	11	11	11	11	11	11	11	11	11	11	11	11	11	0	0	11	11	11	9	17	0	0	0	8
	11	12	8	8	8	10	8	8	0	10	8	8	8	0	10	4	6	5	5	9	12	14	14	11	0	0	11	11	11	11	18	0	0	11	0	11	11	11	0	7	13	11	11	0	0	7	0	0	9	11	11	0	0	0	3	3	7	0	0	0	11	0	0	11	8	11	11	12	0	3	0	0	0	11	11	9	11	11	11	8	4	11	0	0	0	0	11	11	0	0	0	0	0	11	11	11	11	8	11	11	11	11	8	11	11	11	0	0	0	0	0	0	0	11	11	11	11	11	11	11	11	11	11	11	11	8	11	11	11	8	8	11	11	11	11	11	11	11	11	0	3	11	11	11	11	11	11	11	11	11	11	11	11	11	11	11	11	11	11	11	11	11	0	0	11	11	11	9	17	0	0	0	8
	12	14	0	0	0	10	9	10	8	10	9	9	9	8	12	7	7	6	6	6	7	10	15	12	8	8	12	12	12	12	19	8	8	12	8	12	12	12	8	5	8	12	12	8	8	10	8	8	8	11	12	8	8	8	5	5	7	8	8	8	12	8	8	13	11	12	12	15	8	5	8	8	8	12	12	12	12	12	12	6	7	12	8	8	8	8	12	12	8	8	8	8	8	12	12	12	12	0	12	12	12	12	0	12	12	12	8	8	8	8	8	8	8	12	12	12	12	12	12	12	12	12	12	12	12	0	12	12	12	0	0	12	12	12	12	12	12	12	12	8	5	12	12	12	12	12	12	12	12	12	12	12	12	12	12	12	12	12	12	12	12	12	8	8	12	12	12	9	20	8	8	8	0