20091201
194
VEHICLE
NUMBER
25

CUSTOMER
CUST NO.	XCOORD.	YCOORD.	DEMAND	STAFF1  STAFF2	READY TIME	DUE DATE	SERVICE TIME
	0	0	0	0	0	0	0	1440	0
	1	0	0	1	2	0	480	540	10
	2	0	0	1	2	0	480	750	10
	3	0	0	1	2	0	540	600	10
	4	0	0	1	2	1	550	610	6
	5	0	0	1	2	0	480	510	8
	6	0	0	3	2	1	555	645	8
	7	0	0	1	2	0	480	540	10
	8	0	0	1	2	0	480	500	10
	9	0	0	1	2	0	480	510	8
	10	0	0	2	2	1	480	540	10
	11	0	0	2	2	0	630	720	8
	12	0	0	1	2	0	480	500	10
	13	0	0	2	2	0	780	840	10
	14	0	0	1	2	0	555	645	8
	15	0	0	1	2	0	615	705	8
	16	0	0	2	2	0	480	500	10
	17	0	0	3	2	1	720	840	8
	18	0	0	3	2	0	480	1200	8
	19	0	0	2	2	0	580	640	10
	20	0	0	2	2	0	610	670	3
	21	0	0	2	2	0	570	630	10
	22	0	0	1	2	0	540	600	10
	23	0	0	1	2	0	490	550	3
	24	0	0	2	2	0	530	590	27
	25	0	0	1	2	1	480	510	10
	26	0	0	1	2	0	480	510	10
	27	0	0	1	2	0	540	600	10
	28	0	0	3	2	0	540	690	8
	29	0	0	1	2	0	540	690	8
	30	0	0	3	3	0	540	690	8
	31	0	0	3	2	0	540	690	8
	32	0	0	1	2	0	480	1200	8
	33	0	0	1	2	0	540	600	12
	34	0	0	1	2	0	555	645	8
	35	0	0	2	2	0	630	690	21
	36	0	0	3	2	1	480	1200	8
	37	0	0	3	2	0	480	1200	8
	38	0	0	2	2	0	603	663	8
	39	0	0	1	2	0	480	750	8
	40	0	0	1	2	0	599	659	8
	41	0	0	1	2	0	480	1200	8
	42	0	0	1	2	0	480	1200	8
	43	0	0	2	2	0	760	820	3
	44	0	0	4	2	0	585	675	8
	45	0	0	1	2	0	594	654	8
	46	0	0	1	2	0	621	681	8
	47	0	0	1	2	0	622	682	8
	48	0	0	1	3	0	622	682	8
	49	0	0	1	2	0	622	682	8
	50	0	0	1	2	0	579	639	8
	51	0	0	2	2	0	665	785	8
	52	0	0	1	2	0	676	796	8
	53	0	0	1	2	0	622	682	8
	54	0	0	1	3	0	602	662	8
	55	0	0	2	2	0	790	850	10
	56	0	0	2	2	0	735	795	10
	57	0	0	1	2	0	480	750	8
	58	0	0	1	2	0	480	750	8
	59	0	0	1	2	0	480	1200	8
	60	0	0	1	2	0	480	1200	8
	61	0	0	1	2	0	657	777	8
	62	0	0	1	2	0	666	786	8
	63	0	0	2	3	0	675	735	8
	64	0	0	3	2	0	825	915	8
	65	0	0	3	2	0	480	1200	8
	66	0	0	3	2	0	480	1200	8
	67	0	0	3	2	0	480	1200	8
	68	0	0	2	2	0	674	734	8
	69	0	0	3	2	0	820	880	10
	70	0	0	1	2	0	480	750	8
	71	0	0	1	2	0	480	1200	8
	72	0	0	3	2	0	480	1200	8
	73	0	0	3	2	0	960	1080	8
	74	0	0	1	2	0	960	1080	8
	75	0	0	1	2	0	480	1200	8
	76	0	0	2	2	1	880	940	10
	77	0	0	2	2	0	790	850	10
	78	0	0	1	2	0	480	1200	8
	79	0	0	2	2	0	673	733	8
	80	0	0	2	3	0	666	726	8
	81	0	0	2	3	1	676	736	8
	82	0	0	3	2	0	480	1200	8
	83	0	0	3	2	0	480	1200	8
	84	0	0	2	2	0	775	865	8
	85	0	0	3	2	0	480	750	8
	86	0	0	3	2	0	480	1200	8
	87	0	0	2	2	0	676	796	8
	88	0	0	4	2	0	765	855	8
	89	0	0	4	2	0	840	930	8
	90	0	0	2	2	0	666	726	8
	91	0	0	2	2	0	675	735	8
	92	0	0	1	2	0	840	960	8
	93	0	0	1	2	0	750	1200	8
	94	0	0	1	2	0	840	960	8
	95	0	0	1	2	0	480	1200	8
	96	0	0	3	2	0	480	1200	8
	97	0	0	1	2	0	480	1200	8
	98	0	0	2	2	0	659	719	8
	99	0	0	3	2	0	480	1200	8
	100	0	0	1	2	0	855	975	8
	101	0	0	1	2	0	863	983	8
	102	0	0	3	2	0	813	933	8
	103	0	0	1	2	0	480	1200	8
	104	0	0	3	3	0	480	1200	8
	105	0	0	1	2	0	763	883	8
	106	0	0	1	2	0	750	1200	8
	107	0	0	3	2	0	480	1200	8
	108	0	0	1	2	0	480	1200	8
	109	0	0	1	2	0	480	750	8
	110	0	0	3	2	0	480	1200	8
	111	0	0	1	2	1	750	1200	8
	112	0	0	3	2	1	480	1200	8
	113	0	0	3	2	0	480	1200	8
	114	0	0	1	2	0	480	1200	8
	115	0	0	3	2	0	960	1080	8
	116	0	0	3	2	1	960	1080	8
	117	0	0	1	2	0	480	1200	8
	118	0	0	3	2	0	480	1200	8
	119	0	0	3	2	0	794	944	8
	120	0	0	1	2	0	750	1200	8
	121	0	0	1	2	0	480	1200	8
	122	0	0	1	2	0	750	1200	8
	123	0	0	1	2	0	750	1200	8
	124	0	0	1	2	0	750	1200	8
	125	0	0	3	2	0	480	1200	8
	126	0	0	3	2	0	750	1200	8
	127	0	0	3	2	0	480	1200	8
	128	0	0	1	3	0	846	906	8
	129	0	0	3	2	0	960	1080	8
	130	0	0	3	2	0	960	1080	8
	131	0	0	3	2	0	960	1080	8
	132	0	0	3	2	0	480	1200	8
	133	0	0	1	2	0	480	1200	8
	134	0	0	3	2	0	480	1200	8
	135	0	0	1	2	1	480	1200	8
	136	0	0	3	2	0	960	1080	8
	137	0	0	3	2	0	750	1200	8
	138	0	0	1	2	0	960	1080	8
	139	0	0	1	2	0	960	1080	8
	140	0	0	3	2	0	480	1200	8
	141	0	0	3	2	0	760	880	8
	142	0	0	1	2	0	480	1200	8
	143	0	0	4	2	0	890	1010	8
	144	0	0	2	2	0	896	1016	8
	145	0	0	1	2	0	480	1200	8
	146	0	0	3	2	0	480	1200	8
	147	0	0	3	2	0	480	1200	8
	148	0	0	3	2	0	865	985	8
	149	0	0	1	2	0	750	1200	8
	150	0	0	3	2	0	960	1080	8
	151	0	0	3	3	0	863	983	8
	152	0	0	1	2	0	480	1200	8
	153	0	0	1	2	0	480	1200	8
	154	0	0	2	2	0	951	1011	8
	155	0	0	3	2	0	480	1200	8
	156	0	0	1	2	0	480	1200	8
	157	0	0	3	2	0	480	1200	8
	158	0	0	1	2	0	750	1200	8
	159	0	0	1	2	0	750	1200	8
	160	0	0	2	2	0	883	943	8
	161	0	0	2	2	0	867	927	8
	162	0	0	3	2	0	889	949	8
	163	0	0	3	3	0	750	1200	8
	164	0	0	3	2	0	480	1200	8
	165	0	0	4	2	0	861	981	8
	166	0	0	3	2	0	900	1050	8
	167	0	0	3	2	0	953	1073	8
	168	0	0	1	2	0	480	1200	8
	169	0	0	3	2	0	480	1200	8
	170	0	0	2	3	0	883	943	8
	171	0	0	1	2	0	480	1200	8
	172	0	0	3	2	0	750	1200	8
	173	0	0	3	2	1	990	1140	8
	174	0	0	1	3	0	875	935	8
	175	0	0	1	2	0	850	910	8
	176	0	0	1	2	0	480	1200	8
	177	0	0	1	2	0	1010	1130	8
	178	0	0	2	2	0	888	948	8
	179	0	0	2	2	0	888	948	8
	180	0	0	1	2	0	790	940	8
	181	0	0	1	2	0	836	986	8
	182	0	0	1	2	0	750	1200	8
	183	0	0	1	2	0	480	1200	8
	184	0	0	1	2	1	480	1200	8
	185	0	0	4	2	0	908	1028	8
	186	0	0	3	2	0	750	1200	8
	187	0	0	1	2	0	480	1200	8
	188	0	0	3	2	0	480	1200	8
	189	0	0	1	2	0	750	1200	8
	190	0	0	1	2	1	750	1200	8
	191	0	0	1	2	0	750	1200	8
	192	0	0	4	3	0	610	670	10
	193	0	0	1	3	1	540	600	12
	194	0	0	1	2	0	480	750	8
Travel Time Between Locations
	0	13	13	13	9	11	11	13	13	11	11	12	12	11	11	11	8	11	11	7	38	12	7	11	12	6	9	9	0	0	0	0	11	9	11	6	11	11	8	0	11	11	11	13	0	11	11	11	11	11	11	0	7	11	11	8	11	0	0	0	0	0	0	0	11	0	0	0	0	11	0	0	0	12	12	0	9	9	0	0	0	0	0	0	8	0	0	0	12	12	0	0	11	11	11	0	0	0	8	0	0	0	0	0	0	0	0	0	0	0	0	0	0	0	0	12	12	0	0	0	0	0	11	11	11	0	0	0	11	12	12	12	0	0	0	0	12	12	12	12	0	0	0	16	5	0	0	0	0	0	12	0	0	0	0	0	0	0	0	0	0	0	11	0	0	0	0	0	0	0	0	0	0	0	11	11	0	0	0	0	0	0	0	0	0	18	0	0	0	11	0	0	9	11	11
	13	0	2	10	12	13	13	19	17	13	15	14	14	14	13	13	12	13	13	12	35	1	11	12	7	14	13	13	13	13	13	13	13	13	13	9	13	13	11	13	13	13	13	17	13	13	13	13	13	13	13	13	10	13	13	12	13	13	13	13	13	13	13	13	13	13	13	13	13	13	13	13	13	14	14	13	13	13	13	13	13	13	13	13	11	13	13	13	14	14	13	13	13	13	13	13	13	13	11	13	13	13	13	13	13	13	13	13	13	13	13	13	13	13	13	14	14	13	13	13	13	13	13	13	13	13	13	13	13	14	14	14	13	13	13	13	14	14	14	14	13	13	13	19	10	13	13	13	13	13	14	13	13	13	13	13	13	13	13	13	13	13	13	13	13	13	13	13	13	13	13	13	13	13	13	13	13	13	13	13	13	13	13	13	13	11	13	13	13	13	13	13	13	13	13
	13	2	0	8	12	13	13	19	16	13	14	13	13	14	13	13	12	13	13	13	33	1	12	12	6	13	14	14	13	13	13	13	13	14	13	10	13	13	10	13	13	13	13	16	13	13	13	13	13	13	13	13	11	13	13	13	12	13	13	13	13	13	13	13	13	13	13	13	13	12	13	13	13	13	13	13	12	12	13	13	13	13	13	13	10	13	13	13	13	13	13	13	13	13	13	13	13	13	10	13	13	13	13	13	13	13	13	13	13	13	13	13	13	13	13	13	13	13	13	13	13	13	13	13	13	13	13	13	13	13	13	13	13	13	13	13	13	13	13	13	13	13	13	18	10	13	13	13	13	13	13	13	13	13	13	13	13	13	13	13	13	13	13	13	13	13	13	13	13	13	13	13	13	13	13	13	13	13	13	13	13	13	13	13	13	13	13	13	13	13	13	13	14	13	13
	13	10	8	0	11	12	12	19	16	12	15	13	12	13	12	12	13	12	12	15	37	9	12	13	7	18	17	17	13	13	13	13	12	16	12	12	12	12	12	13	12	12	12	12	13	12	12	12	12	12	12	13	14	12	12	16	16	13	13	13	13	13	13	13	12	13	13	13	13	16	13	13	13	13	13	13	14	14	13	13	13	13	13	13	12	13	13	13	13	13	13	13	12	12	12	13	13	13	12	13	13	13	13	13	13	13	13	13	13	13	13	13	13	13	13	13	13	13	13	13	13	13	12	12	12	13	13	13	12	13	13	13	13	13	13	13	13	13	13	13	13	13	13	20	12	13	13	13	13	13	13	13	13	13	13	13	13	13	13	13	13	13	12	13	13	13	13	13	13	13	13	13	13	13	12	12	13	13	13	13	13	13	13	13	13	12	13	13	13	12	13	13	17	14	12
	9	12	12	11	0	8	8	12	11	8	7	9	9	9	8	8	7	8	8	10	37	11	7	3	9	10	10	11	9	9	9	9	8	8	8	11	8	8	6	9	8	8	8	8	9	8	8	8	8	8	8	9	13	8	8	10	8	9	9	9	9	9	9	9	8	9	9	9	9	8	9	9	9	9	9	9	7	7	9	9	9	9	9	9	6	9	9	9	9	9	9	9	8	8	8	9	9	9	6	9	9	9	9	9	9	9	9	9	9	9	9	9	9	9	9	9	9	9	9	9	9	9	8	8	8	9	9	9	8	9	9	9	9	9	9	9	9	9	9	9	9	9	9	15	9	9	9	9	9	9	9	9	9	9	9	9	9	9	9	9	9	9	8	9	9	9	9	9	9	9	9	9	9	9	8	8	9	9	9	9	9	9	9	9	9	17	9	9	9	8	9	9	10	7	8
	11	13	13	12	8	0	0	11	9	0	9	8	7	6	0	0	7	0	0	10	39	12	9	7	10	10	10	11	11	11	11	11	0	9	0	11	0	0	3	11	0	0	0	9	11	0	0	0	0	0	0	11	13	0	0	8	7	11	11	11	11	11	11	11	0	11	11	11	11	7	11	11	11	8	8	11	6	6	11	11	11	11	11	11	3	11	11	11	8	8	11	11	0	0	0	11	11	11	3	11	11	11	11	11	11	11	11	11	11	11	11	11	11	11	11	8	8	11	11	11	11	11	0	0	0	11	11	11	0	8	8	8	11	11	11	11	8	8	8	8	11	11	11	19	7	11	11	11	11	11	8	11	11	11	11	11	11	11	11	11	11	11	0	11	11	11	11	11	11	11	11	11	11	11	0	0	11	11	11	11	11	11	11	11	11	19	11	11	11	0	11	11	10	8	0
	11	13	13	12	8	0	0	11	9	0	9	8	7	6	0	0	7	0	0	10	39	12	9	7	10	10	10	11	11	11	11	11	0	9	0	11	0	0	3	11	0	0	0	9	11	0	0	0	0	0	0	11	13	0	0	8	7	11	11	11	11	11	11	11	0	11	11	11	11	7	11	11	11	8	8	11	6	6	11	11	11	11	11	11	3	11	11	11	8	8	11	11	0	0	0	11	11	11	3	11	11	11	11	11	11	11	11	11	11	11	11	11	11	11	11	8	8	11	11	11	11	11	0	0	0	11	11	11	0	8	8	8	11	11	11	11	8	8	8	8	11	11	11	19	7	11	11	11	11	11	8	11	11	11	11	11	11	11	11	11	11	11	0	11	11	11	11	11	11	11	11	11	11	11	0	0	11	11	11	11	11	11	11	11	11	19	11	11	11	0	11	11	10	8	0
	13	19	19	19	12	11	11	0	9	11	10	10	9	10	11	11	11	11	11	14	42	19	13	11	18	14	13	14	13	13	13	13	11	13	11	15	11	11	10	13	11	11	11	9	13	11	11	11	11	11	11	13	17	11	11	10	10	13	13	13	13	13	13	13	11	13	13	13	13	10	13	13	13	10	10	13	9	9	13	13	13	13	13	13	10	13	13	13	10	10	13	13	11	11	11	13	13	13	10	13	13	13	13	13	13	13	13	13	13	13	13	13	13	13	13	10	10	13	13	13	13	13	11	11	11	13	13	13	11	10	10	10	13	13	13	13	10	10	10	10	13	13	13	20	14	13	13	13	13	13	10	13	13	13	13	13	13	13	13	13	13	13	11	13	13	13	13	13	13	13	13	13	13	13	11	11	13	13	13	13	13	13	13	13	13	21	13	13	13	11	13	13	13	9	11
	13	17	16	16	11	9	9	9	0	9	8	9	8	8	9	9	9	9	9	13	41	16	10	9	15	14	10	11	13	13	13	13	9	10	9	15	9	9	7	13	9	9	9	7	13	9	9	9	9	9	9	13	17	9	9	10	8	13	13	13	13	13	13	13	9	13	13	13	13	8	13	13	13	9	9	13	6	6	13	13	13	13	13	13	7	13	13	13	9	9	13	13	9	9	9	13	13	13	7	13	13	13	13	13	13	13	13	13	13	13	13	13	13	13	13	9	9	13	13	13	13	13	9	9	9	13	13	13	9	9	9	9	13	13	13	13	9	9	9	9	13	13	13	21	11	13	13	13	13	13	9	13	13	13	13	13	13	13	13	13	13	13	9	13	13	13	13	13	13	13	13	13	13	13	9	9	13	13	13	13	13	13	13	13	13	20	13	13	13	9	13	13	10	7	9
	11	13	13	12	8	0	0	11	9	0	9	8	7	6	0	0	7	0	0	10	39	12	9	7	10	10	10	11	11	11	11	11	0	9	0	11	0	0	3	11	0	0	0	9	11	0	0	0	0	0	0	11	13	0	0	8	7	11	11	11	11	11	11	11	0	11	11	11	11	7	11	11	11	8	8	11	6	6	11	11	11	11	11	11	3	11	11	11	8	8	11	11	0	0	0	11	11	11	3	11	11	11	11	11	11	11	11	11	11	11	11	11	11	11	11	8	8	11	11	11	11	11	0	0	0	11	11	11	0	8	8	8	11	11	11	11	8	8	8	8	11	11	11	19	7	11	11	11	11	11	8	11	11	11	11	11	11	11	11	11	11	11	0	11	11	11	11	11	11	11	11	11	11	11	0	0	11	11	11	11	11	11	11	11	11	19	11	11	11	0	11	11	10	8	0
	11	15	14	15	7	9	9	10	8	9	0	3	3	4	9	9	8	9	9	12	36	14	9	7	13	12	9	9	11	11	11	11	9	8	9	14	9	9	6	11	9	9	9	6	11	9	9	9	9	9	9	11	15	9	9	9	8	11	11	11	11	11	11	11	9	11	11	11	11	8	11	11	11	3	3	11	6	6	11	11	11	11	11	11	6	11	11	11	3	3	11	11	9	9	9	11	11	11	6	11	11	11	11	11	11	11	11	11	11	11	11	11	11	11	11	3	3	11	11	11	11	11	9	9	9	11	11	11	9	3	3	3	11	11	11	11	3	3	3	3	11	11	11	18	10	11	11	11	11	11	3	11	11	11	11	11	11	11	11	11	11	11	9	11	11	11	11	11	11	11	11	11	11	11	9	9	11	11	11	11	11	11	11	11	11	16	11	11	11	9	11	11	9	5	9
	12	14	13	13	9	8	8	10	9	8	3	0	1	2	8	8	7	8	8	11	35	13	9	7	13	12	8	8	12	12	12	12	8	7	8	14	8	8	5	12	8	8	8	6	12	8	8	8	8	8	8	12	15	8	8	8	7	12	12	12	12	12	12	12	8	12	12	12	12	7	12	12	12	0	0	12	5	5	12	12	12	12	12	12	5	12	12	12	0	0	12	12	8	8	8	12	12	12	5	12	12	12	12	12	12	12	12	12	12	12	12	12	12	12	12	0	0	12	12	12	12	12	8	8	8	12	12	12	8	0	0	0	12	12	12	12	0	0	0	0	12	12	12	19	10	12	12	12	12	12	0	12	12	12	12	12	12	12	12	12	12	12	8	12	12	12	12	12	12	12	12	12	12	12	8	8	12	12	12	12	12	12	12	12	12	16	12	12	12	8	12	12	8	3	8
	12	14	13	12	9	7	7	9	8	7	3	1	0	1	7	7	7	7	7	10	34	13	9	6	12	12	7	8	12	12	12	12	7	7	7	13	7	7	5	12	7	7	7	5	12	7	7	7	7	7	7	12	14	7	7	7	6	12	12	12	12	12	12	12	7	12	12	12	12	6	12	12	12	1	1	12	4	4	12	12	12	12	12	12	5	12	12	12	1	1	12	12	7	7	7	12	12	12	5	12	12	12	12	12	12	12	12	12	12	12	12	12	12	12	12	1	1	12	12	12	12	12	7	7	7	12	12	12	7	1	1	1	12	12	12	12	1	1	1	1	12	12	12	18	9	12	12	12	12	12	1	12	12	12	12	12	12	12	12	12	12	12	7	12	12	12	12	12	12	12	12	12	12	12	7	7	12	12	12	12	12	12	12	12	12	15	12	12	12	7	12	12	7	2	7
	11	14	14	13	9	6	6	10	8	6	4	2	1	0	6	6	6	6	6	10	35	13	8	6	13	12	8	8	11	11	11	11	6	8	6	13	6	6	5	11	6	6	6	6	11	6	6	6	6	6	6	11	14	6	6	7	6	11	11	11	11	11	11	11	6	11	11	11	11	6	11	11	11	2	2	11	4	4	11	11	11	11	11	11	5	11	11	11	2	2	11	11	6	6	6	11	11	11	5	11	11	11	11	11	11	11	11	11	11	11	11	11	11	11	11	2	2	11	11	11	11	11	6	6	6	11	11	11	6	2	2	2	11	11	11	11	2	2	2	2	11	11	11	18	9	11	11	11	11	11	2	11	11	11	11	11	11	11	11	11	11	11	6	11	11	11	11	11	11	11	11	11	11	11	6	6	11	11	11	11	11	11	11	11	11	16	11	11	11	6	11	11	8	2	6
	11	13	13	12	8	0	0	11	9	0	9	8	7	6	0	0	7	0	0	10	39	12	9	7	10	10	10	11	11	11	11	11	0	9	0	11	0	0	3	11	0	0	0	9	11	0	0	0	0	0	0	11	13	0	0	8	7	11	11	11	11	11	11	11	0	11	11	11	11	7	11	11	11	8	8	11	6	6	11	11	11	11	11	11	3	11	11	11	8	8	11	11	0	0	0	11	11	11	3	11	11	11	11	11	11	11	11	11	11	11	11	11	11	11	11	8	8	11	11	11	11	11	0	0	0	11	11	11	0	8	8	8	11	11	11	11	8	8	8	8	11	11	11	19	7	11	11	11	11	11	8	11	11	11	11	11	11	11	11	11	11	11	0	11	11	11	11	11	11	11	11	11	11	11	0	0	11	11	11	11	11	11	11	11	11	19	11	11	11	0	11	11	10	8	0
	11	13	13	12	8	0	0	11	9	0	9	8	7	6	0	0	7	0	0	10	39	12	9	7	10	10	10	11	11	11	11	11	0	9	0	11	0	0	3	11	0	0	0	9	11	0	0	0	0	0	0	11	13	0	0	8	7	11	11	11	11	11	11	11	0	11	11	11	11	7	11	11	11	8	8	11	6	6	11	11	11	11	11	11	3	11	11	11	8	8	11	11	0	0	0	11	11	11	3	11	11	11	11	11	11	11	11	11	11	11	11	11	11	11	11	8	8	11	11	11	11	11	0	0	0	11	11	11	0	8	8	8	11	11	11	11	8	8	8	8	11	11	11	19	7	11	11	11	11	11	8	11	11	11	11	11	11	11	11	11	11	11	0	11	11	11	11	11	11	11	11	11	11	11	0	0	11	11	11	11	11	11	11	11	11	19	11	11	11	0	11	11	10	8	0
	8	12	12	13	7	7	7	11	9	7	8	7	7	6	7	7	0	7	7	6	39	12	2	7	11	8	7	7	8	8	8	8	7	7	7	8	7	7	4	8	7	7	7	9	8	7	7	7	7	7	7	8	9	7	7	3	4	8	8	8	8	8	8	8	7	8	8	8	8	4	8	8	8	7	7	8	4	4	8	8	8	8	8	8	4	8	8	8	7	7	8	8	7	7	7	8	8	8	4	8	8	8	8	8	8	8	8	8	8	8	8	8	8	8	8	7	7	8	8	8	8	8	7	7	7	8	8	8	7	7	7	7	8	8	8	8	7	7	7	7	8	8	8	14	5	8	8	8	8	8	7	8	8	8	8	8	8	8	8	8	8	8	7	8	8	8	8	8	8	8	8	8	8	8	7	7	8	8	8	8	8	8	8	8	8	15	8	8	8	7	8	8	7	6	7
	11	13	13	12	8	0	0	11	9	0	9	8	7	6	0	0	7	0	0	10	39	12	9	7	10	10	10	11	11	11	11	11	0	9	0	11	0	0	3	11	0	0	0	9	11	0	0	0	0	0	0	11	13	0	0	8	7	11	11	11	11	11	11	11	0	11	11	11	11	7	11	11	11	8	8	11	6	6	11	11	11	11	11	11	3	11	11	11	8	8	11	11	0	0	0	11	11	11	3	11	11	11	11	11	11	11	11	11	11	11	11	11	11	11	11	8	8	11	11	11	11	11	0	0	0	11	11	11	0	8	8	8	11	11	11	11	8	8	8	8	11	11	11	19	7	11	11	11	11	11	8	11	11	11	11	11	11	11	11	11	11	11	0	11	11	11	11	11	11	11	11	11	11	11	0	0	11	11	11	11	11	11	11	11	11	19	11	11	11	0	11	11	10	8	0
	11	13	13	12	8	0	0	11	9	0	9	8	7	6	0	0	7	0	0	10	39	12	9	7	10	10	10	11	11	11	11	11	0	9	0	11	0	0	3	11	0	0	0	9	11	0	0	0	0	0	0	11	13	0	0	8	7	11	11	11	11	11	11	11	0	11	11	11	11	7	11	11	11	8	8	11	6	6	11	11	11	11	11	11	3	11	11	11	8	8	11	11	0	0	0	11	11	11	3	11	11	11	11	11	11	11	11	11	11	11	11	11	11	11	11	8	8	11	11	11	11	11	0	0	0	11	11	11	0	8	8	8	11	11	11	11	8	8	8	8	11	11	11	19	7	11	11	11	11	11	8	11	11	11	11	11	11	11	11	11	11	11	0	11	11	11	11	11	11	11	11	11	11	11	0	0	11	11	11	11	11	11	11	11	11	19	11	11	11	0	11	11	10	8	0
	7	12	13	15	10	10	10	14	13	10	12	11	10	10	10	10	6	10	10	0	39	13	4	8	13	9	6	6	7	7	7	7	10	6	10	7	10	10	9	7	10	10	10	12	7	10	10	10	10	10	10	7	9	10	10	5	7	7	7	7	7	7	7	7	10	7	7	7	7	7	7	7	7	11	11	7	7	7	7	7	7	7	7	7	9	7	7	7	11	11	7	7	10	10	10	7	7	7	9	7	7	7	7	7	7	7	7	7	7	7	7	7	7	7	7	11	11	7	7	7	7	7	10	10	10	7	7	7	10	11	11	11	7	7	7	7	11	11	11	11	7	7	7	14	7	7	7	7	7	7	11	7	7	7	7	7	7	7	7	7	7	7	10	7	7	7	7	7	7	7	7	7	7	7	10	10	7	7	7	7	7	7	7	7	7	17	7	7	7	10	7	7	6	9	10
	38	35	33	37	37	39	39	42	41	39	36	35	34	35	39	39	39	39	39	39	0	34	38	38	32	38	40	40	38	38	38	38	39	40	39	34	39	39	37	38	39	39	39	36	38	39	39	39	39	39	39	38	36	39	39	39	38	38	38	38	38	38	38	38	39	38	38	38	38	38	38	38	38	35	35	38	36	36	38	38	38	38	38	38	37	38	38	38	35	35	38	38	39	39	39	38	38	38	37	38	38	38	38	38	38	38	38	38	38	38	38	38	38	38	38	35	35	38	38	38	38	38	39	39	39	38	38	38	39	35	35	35	38	38	38	38	35	35	35	35	38	38	38	40	38	38	38	38	38	38	35	38	38	38	38	38	38	38	38	38	38	38	39	38	38	38	38	38	38	38	38	38	38	38	39	39	38	38	38	38	38	38	38	38	38	33	38	38	38	39	38	38	40	36	39
	12	1	1	9	11	12	12	19	16	12	14	13	13	13	12	12	12	12	12	13	34	0	12	11	6	13	13	14	12	12	12	12	12	13	12	9	12	12	10	12	12	12	12	16	12	12	12	12	12	12	12	12	11	12	12	13	12	12	12	12	12	12	12	12	12	12	12	12	12	12	12	12	12	13	13	12	12	12	12	12	12	12	12	12	10	12	12	12	13	13	12	12	12	12	12	12	12	12	10	12	12	12	12	12	12	12	12	12	12	12	12	12	12	12	12	13	13	12	12	12	12	12	12	12	12	12	12	12	12	13	13	13	12	12	12	12	13	13	13	13	12	12	12	18	10	12	12	12	12	12	13	12	12	12	12	12	12	12	12	12	12	12	12	12	12	12	12	12	12	12	12	12	12	12	12	12	12	12	12	12	12	12	12	12	12	12	12	12	12	12	12	12	13	12	12
	7	11	12	12	7	9	9	13	10	9	9	9	9	8	9	9	2	9	9	4	38	12	0	6	10	7	6	6	7	7	7	7	9	7	9	7	9	9	6	7	9	9	9	11	7	9	9	9	9	9	9	7	9	9	9	5	5	7	7	7	7	7	7	7	9	7	7	7	7	5	7	7	7	9	9	7	6	6	7	7	7	7	7	7	6	7	7	7	9	9	7	7	9	9	9	7	7	7	6	7	7	7	7	7	7	7	7	7	7	7	7	7	7	7	7	9	9	7	7	7	7	7	9	9	9	7	7	7	9	9	9	9	7	7	7	7	9	9	9	9	7	7	7	14	4	7	7	7	7	7	9	7	7	7	7	7	7	7	7	7	7	7	9	7	7	7	7	7	7	7	7	7	7	7	9	9	7	7	7	7	7	7	7	7	7	16	7	7	7	9	7	7	6	8	9
	11	12	12	13	3	7	7	11	9	7	7	7	6	6	7	7	7	7	7	8	38	11	6	0	11	10	8	9	11	11	11	11	7	8	7	11	7	7	5	11	7	7	7	8	11	7	7	7	7	7	7	11	13	7	7	8	6	11	11	11	11	11	11	11	7	11	11	11	11	6	11	11	11	7	7	11	5	5	11	11	11	11	11	11	5	11	11	11	7	7	11	11	7	7	7	11	11	11	5	11	11	11	11	11	11	11	11	11	11	11	11	11	11	11	11	7	7	11	11	11	11	11	7	7	7	11	11	11	7	7	7	7	11	11	11	11	7	7	7	7	11	11	11	16	7	11	11	11	11	11	7	11	11	11	11	11	11	11	11	11	11	11	7	11	11	11	11	11	11	11	11	11	11	11	7	7	11	11	11	11	11	11	11	11	11	18	11	11	11	7	11	11	8	6	7
	12	7	6	7	9	10	10	18	15	10	13	13	12	13	10	10	11	10	10	13	32	6	10	11	0	15	15	14	12	12	12	12	10	15	10	10	10	10	10	12	10	10	10	14	12	10	10	10	10	10	10	12	12	10	10	14	13	12	12	12	12	12	12	12	10	12	12	12	12	13	12	12	12	13	13	12	12	12	12	12	12	12	12	12	10	12	12	12	13	13	12	12	10	10	10	12	12	12	10	12	12	12	12	12	12	12	12	12	12	12	12	12	12	12	12	13	13	12	12	12	12	12	10	10	10	12	12	12	10	13	13	13	12	12	12	12	13	13	13	13	12	12	12	18	9	12	12	12	12	12	13	12	12	12	12	12	12	12	12	12	12	12	10	12	12	12	12	12	12	12	12	12	12	12	10	10	12	12	12	12	12	12	12	12	12	12	12	12	12	10	12	12	15	13	10
	6	14	13	18	10	10	10	14	14	10	12	12	12	12	10	10	8	10	10	9	38	13	7	10	15	0	11	11	6	6	6	6	10	10	10	8	10	10	9	6	10	10	10	14	6	10	10	10	10	10	10	6	9	10	10	9	8	6	6	6	6	6	6	6	10	6	6	6	6	8	6	6	6	12	12	6	9	9	6	6	6	6	6	6	9	6	6	6	12	12	6	6	10	10	10	6	6	6	9	6	6	6	6	6	6	6	6	6	6	6	6	6	6	6	6	12	12	6	6	6	6	6	10	10	10	6	6	6	10	12	12	12	6	6	6	6	12	12	12	12	6	6	6	17	10	6	6	6	6	6	12	6	6	6	6	6	6	6	6	6	6	6	10	6	6	6	6	6	6	6	6	6	6	6	10	10	6	6	6	6	6	6	6	6	6	19	6	6	6	10	6	6	11	12	10
	9	13	14	17	10	10	10	13	10	10	9	8	7	8	10	10	7	10	10	6	40	13	6	8	15	11	0	1	9	9	9	9	10	2	10	11	10	10	7	9	10	10	10	9	9	10	10	10	10	10	10	9	12	10	10	5	8	9	9	9	9	9	9	9	10	9	9	9	9	8	9	9	9	8	8	9	4	4	9	9	9	9	9	9	7	9	9	9	8	8	9	9	10	10	10	9	9	9	7	9	9	9	9	9	9	9	9	9	9	9	9	9	9	9	9	8	8	9	9	9	9	9	10	10	10	9	9	9	10	8	8	8	9	9	9	9	8	8	8	8	9	9	9	20	9	9	9	9	9	9	8	9	9	9	9	9	9	9	9	9	9	9	10	9	9	9	9	9	9	9	9	9	9	9	10	10	9	9	9	9	9	9	9	9	9	18	9	9	9	10	9	9	0	7	10
	9	13	14	17	11	11	11	14	11	11	9	8	8	8	11	11	7	11	11	6	40	14	6	9	14	11	1	0	9	9	9	9	11	3	11	11	11	11	8	9	11	11	11	10	9	11	11	11	11	11	11	9	12	11	11	6	8	9	9	9	9	9	9	9	11	9	9	9	9	8	9	9	9	8	8	9	5	5	9	9	9	9	9	9	8	9	9	9	8	8	9	9	11	11	11	9	9	9	8	9	9	9	9	9	9	9	9	9	9	9	9	9	9	9	9	8	8	9	9	9	9	9	11	11	11	9	9	9	11	8	8	8	9	9	9	9	8	8	8	8	9	9	9	19	8	9	9	9	9	9	8	9	9	9	9	9	9	9	9	9	9	9	11	9	9	9	9	9	9	9	9	9	9	9	11	11	9	9	9	9	9	9	9	9	9	18	9	9	9	11	9	9	1	7	11
	0	13	13	13	9	11	11	13	13	11	11	12	12	11	11	11	8	11	11	7	38	12	7	11	12	6	9	9	0	0	0	0	11	9	11	6	11	11	8	0	11	11	11	13	0	11	11	11	11	11	11	0	7	11	11	8	11	0	0	0	0	0	0	0	11	0	0	0	0	11	0	0	0	12	12	0	9	9	0	0	0	0	0	0	8	0	0	0	12	12	0	0	11	11	11	0	0	0	8	0	0	0	0	0	0	0	0	0	0	0	0	0	0	0	0	12	12	0	0	0	0	0	11	11	11	0	0	0	11	12	12	12	0	0	0	0	12	12	12	12	0	0	0	16	5	0	0	0	0	0	12	0	0	0	0	0	0	0	0	0	0	0	11	0	0	0	0	0	0	0	0	0	0	0	11	11	0	0	0	0	0	0	0	0	0	18	0	0	0	11	0	0	9	11	11
	0	13	13	13	9	11	11	13	13	11	11	12	12	11	11	11	8	11	11	7	38	12	7	11	12	6	9	9	0	0	0	0	11	9	11	6	11	11	8	0	11	11	11	13	0	11	11	11	11	11	11	0	7	11	11	8	11	0	0	0	0	0	0	0	11	0	0	0	0	11	0	0	0	12	12	0	9	9	0	0	0	0	0	0	8	0	0	0	12	12	0	0	11	11	11	0	0	0	8	0	0	0	0	0	0	0	0	0	0	0	0	0	0	0	0	12	12	0	0	0	0	0	11	11	11	0	0	0	11	12	12	12	0	0	0	0	12	12	12	12	0	0	0	16	5	0	0	0	0	0	12	0	0	0	0	0	0	0	0	0	0	0	11	0	0	0	0	0	0	0	0	0	0	0	11	11	0	0	0	0	0	0	0	0	0	18	0	0	0	11	0	0	9	11	11
	0	13	13	13	9	11	11	13	13	11	11	12	12	11	11	11	8	11	11	7	38	12	7	11	12	6	9	9	0	0	0	0	11	9	11	6	11	11	8	0	11	11	11	13	0	11	11	11	11	11	11	0	7	11	11	8	11	0	0	0	0	0	0	0	11	0	0	0	0	11	0	0	0	12	12	0	9	9	0	0	0	0	0	0	8	0	0	0	12	12	0	0	11	11	11	0	0	0	8	0	0	0	0	0	0	0	0	0	0	0	0	0	0	0	0	12	12	0	0	0	0	0	11	11	11	0	0	0	11	12	12	12	0	0	0	0	12	12	12	12	0	0	0	16	5	0	0	0	0	0	12	0	0	0	0	0	0	0	0	0	0	0	11	0	0	0	0	0	0	0	0	0	0	0	11	11	0	0	0	0	0	0	0	0	0	18	0	0	0	11	0	0	9	11	11
	0	13	13	13	9	11	11	13	13	11	11	12	12	11	11	11	8	11	11	7	38	12	7	11	12	6	9	9	0	0	0	0	11	9	11	6	11	11	8	0	11	11	11	13	0	11	11	11	11	11	11	0	7	11	11	8	11	0	0	0	0	0	0	0	11	0	0	0	0	11	0	0	0	12	12	0	9	9	0	0	0	0	0	0	8	0	0	0	12	12	0	0	11	11	11	0	0	0	8	0	0	0	0	0	0	0	0	0	0	0	0	0	0	0	0	12	12	0	0	0	0	0	11	11	11	0	0	0	11	12	12	12	0	0	0	0	12	12	12	12	0	0	0	16	5	0	0	0	0	0	12	0	0	0	0	0	0	0	0	0	0	0	11	0	0	0	0	0	0	0	0	0	0	0	11	11	0	0	0	0	0	0	0	0	0	18	0	0	0	11	0	0	9	11	11
	11	13	13	12	8	0	0	11	9	0	9	8	7	6	0	0	7	0	0	10	39	12	9	7	10	10	10	11	11	11	11	11	0	9	0	11	0	0	3	11	0	0	0	9	11	0	0	0	0	0	0	11	13	0	0	8	7	11	11	11	11	11	11	11	0	11	11	11	11	7	11	11	11	8	8	11	6	6	11	11	11	11	11	11	3	11	11	11	8	8	11	11	0	0	0	11	11	11	3	11	11	11	11	11	11	11	11	11	11	11	11	11	11	11	11	8	8	11	11	11	11	11	0	0	0	11	11	11	0	8	8	8	11	11	11	11	8	8	8	8	11	11	11	19	7	11	11	11	11	11	8	11	11	11	11	11	11	11	11	11	11	11	0	11	11	11	11	11	11	11	11	11	11	11	0	0	11	11	11	11	11	11	11	11	11	19	11	11	11	0	11	11	10	8	0
	9	13	14	16	8	9	9	13	10	9	8	7	7	8	9	9	7	9	9	6	40	13	7	8	15	10	2	3	9	9	9	9	9	0	9	11	9	9	6	9	9	9	9	9	9	9	9	9	9	9	9	9	12	9	9	5	7	9	9	9	9	9	9	9	9	9	9	9	9	7	9	9	9	7	7	9	4	4	9	9	9	9	9	9	6	9	9	9	7	7	9	9	9	9	9	9	9	9	6	9	9	9	9	9	9	9	9	9	9	9	9	9	9	9	9	7	7	9	9	9	9	9	9	9	9	9	9	9	9	7	7	7	9	9	9	9	7	7	7	7	9	9	9	20	9	9	9	9	9	9	7	9	9	9	9	9	9	9	9	9	9	9	9	9	9	9	9	9	9	9	9	9	9	9	9	9	9	9	9	9	9	9	9	9	9	18	9	9	9	9	9	9	2	6	9
	11	13	13	12	8	0	0	11	9	0	9	8	7	6	0	0	7	0	0	10	39	12	9	7	10	10	10	11	11	11	11	11	0	9	0	11	0	0	3	11	0	0	0	9	11	0	0	0	0	0	0	11	13	0	0	8	7	11	11	11	11	11	11	11	0	11	11	11	11	7	11	11	11	8	8	11	6	6	11	11	11	11	11	11	3	11	11	11	8	8	11	11	0	0	0	11	11	11	3	11	11	11	11	11	11	11	11	11	11	11	11	11	11	11	11	8	8	11	11	11	11	11	0	0	0	11	11	11	0	8	8	8	11	11	11	11	8	8	8	8	11	11	11	19	7	11	11	11	11	11	8	11	11	11	11	11	11	11	11	11	11	11	0	11	11	11	11	11	11	11	11	11	11	11	0	0	11	11	11	11	11	11	11	11	11	19	11	11	11	0	11	11	10	8	0
	6	9	10	12	11	11	11	15	15	11	14	14	13	13	11	11	8	11	11	7	34	9	7	11	10	8	11	11	6	6	6	6	11	11	11	0	11	11	10	6	11	11	11	15	6	11	11	11	11	11	11	6	2	11	11	10	10	6	6	6	6	6	6	6	11	6	6	6	6	10	6	6	6	14	14	6	11	11	6	6	6	6	6	6	10	6	6	6	14	14	6	6	11	11	11	6	6	6	10	6	6	6	6	6	6	6	6	6	6	6	6	6	6	6	6	14	14	6	6	6	6	6	11	11	11	6	6	6	11	14	14	14	6	6	6	6	14	14	14	14	6	6	6	18	6	6	6	6	6	6	14	6	6	6	6	6	6	6	6	6	6	6	11	6	6	6	6	6	6	6	6	6	6	6	11	11	6	6	6	6	6	6	6	6	6	12	6	6	6	11	6	6	11	12	11
	11	13	13	12	8	0	0	11	9	0	9	8	7	6	0	0	7	0	0	10	39	12	9	7	10	10	10	11	11	11	11	11	0	9	0	11	0	0	3	11	0	0	0	9	11	0	0	0	0	0	0	11	13	0	0	8	7	11	11	11	11	11	11	11	0	11	11	11	11	7	11	11	11	8	8	11	6	6	11	11	11	11	11	11	3	11	11	11	8	8	11	11	0	0	0	11	11	11	3	11	11	11	11	11	11	11	11	11	11	11	11	11	11	11	11	8	8	11	11	11	11	11	0	0	0	11	11	11	0	8	8	8	11	11	11	11	8	8	8	8	11	11	11	19	7	11	11	11	11	11	8	11	11	11	11	11	11	11	11	11	11	11	0	11	11	11	11	11	11	11	11	11	11	11	0	0	11	11	11	11	11	11	11	11	11	19	11	11	11	0	11	11	10	8	0
	11	13	13	12	8	0	0	11	9	0	9	8	7	6	0	0	7	0	0	10	39	12	9	7	10	10	10	11	11	11	11	11	0	9	0	11	0	0	3	11	0	0	0	9	11	0	0	0	0	0	0	11	13	0	0	8	7	11	11	11	11	11	11	11	0	11	11	11	11	7	11	11	11	8	8	11	6	6	11	11	11	11	11	11	3	11	11	11	8	8	11	11	0	0	0	11	11	11	3	11	11	11	11	11	11	11	11	11	11	11	11	11	11	11	11	8	8	11	11	11	11	11	0	0	0	11	11	11	0	8	8	8	11	11	11	11	8	8	8	8	11	11	11	19	7	11	11	11	11	11	8	11	11	11	11	11	11	11	11	11	11	11	0	11	11	11	11	11	11	11	11	11	11	11	0	0	11	11	11	11	11	11	11	11	11	19	11	11	11	0	11	11	10	8	0
	8	11	10	12	6	3	3	10	7	3	6	5	5	5	3	3	4	3	3	9	37	10	6	5	10	9	7	8	8	8	8	8	3	6	3	10	3	3	0	8	3	3	3	7	8	3	3	3	3	3	3	8	12	3	3	6	4	8	8	8	8	8	8	8	3	8	8	8	8	4	8	8	8	5	5	8	3	3	8	8	8	8	8	8	0	8	8	8	5	5	8	8	3	3	3	8	8	8	0	8	8	8	8	8	8	8	8	8	8	8	8	8	8	8	8	5	5	8	8	8	8	8	3	3	3	8	8	8	3	5	5	5	8	8	8	8	5	5	5	5	8	8	8	16	5	8	8	8	8	8	5	8	8	8	8	8	8	8	8	8	8	8	3	8	8	8	8	8	8	8	8	8	8	8	3	3	8	8	8	8	8	8	8	8	8	18	8	8	8	3	8	8	7	5	3
	0	13	13	13	9	11	11	13	13	11	11	12	12	11	11	11	8	11	11	7	38	12	7	11	12	6	9	9	0	0	0	0	11	9	11	6	11	11	8	0	11	11	11	13	0	11	11	11	11	11	11	0	7	11	11	8	11	0	0	0	0	0	0	0	11	0	0	0	0	11	0	0	0	12	12	0	9	9	0	0	0	0	0	0	8	0	0	0	12	12	0	0	11	11	11	0	0	0	8	0	0	0	0	0	0	0	0	0	0	0	0	0	0	0	0	12	12	0	0	0	0	0	11	11	11	0	0	0	11	12	12	12	0	0	0	0	12	12	12	12	0	0	0	16	5	0	0	0	0	0	12	0	0	0	0	0	0	0	0	0	0	0	11	0	0	0	0	0	0	0	0	0	0	0	11	11	0	0	0	0	0	0	0	0	0	18	0	0	0	11	0	0	9	11	11
	11	13	13	12	8	0	0	11	9	0	9	8	7	6	0	0	7	0	0	10	39	12	9	7	10	10	10	11	11	11	11	11	0	9	0	11	0	0	3	11	0	0	0	9	11	0	0	0	0	0	0	11	13	0	0	8	7	11	11	11	11	11	11	11	0	11	11	11	11	7	11	11	11	8	8	11	6	6	11	11	11	11	11	11	3	11	11	11	8	8	11	11	0	0	0	11	11	11	3	11	11	11	11	11	11	11	11	11	11	11	11	11	11	11	11	8	8	11	11	11	11	11	0	0	0	11	11	11	0	8	8	8	11	11	11	11	8	8	8	8	11	11	11	19	7	11	11	11	11	11	8	11	11	11	11	11	11	11	11	11	11	11	0	11	11	11	11	11	11	11	11	11	11	11	0	0	11	11	11	11	11	11	11	11	11	19	11	11	11	0	11	11	10	8	0
	11	13	13	12	8	0	0	11	9	0	9	8	7	6	0	0	7	0	0	10	39	12	9	7	10	10	10	11	11	11	11	11	0	9	0	11	0	0	3	11	0	0	0	9	11	0	0	0	0	0	0	11	13	0	0	8	7	11	11	11	11	11	11	11	0	11	11	11	11	7	11	11	11	8	8	11	6	6	11	11	11	11	11	11	3	11	11	11	8	8	11	11	0	0	0	11	11	11	3	11	11	11	11	11	11	11	11	11	11	11	11	11	11	11	11	8	8	11	11	11	11	11	0	0	0	11	11	11	0	8	8	8	11	11	11	11	8	8	8	8	11	11	11	19	7	11	11	11	11	11	8	11	11	11	11	11	11	11	11	11	11	11	0	11	11	11	11	11	11	11	11	11	11	11	0	0	11	11	11	11	11	11	11	11	11	19	11	11	11	0	11	11	10	8	0
	11	13	13	12	8	0	0	11	9	0	9	8	7	6	0	0	7	0	0	10	39	12	9	7	10	10	10	11	11	11	11	11	0	9	0	11	0	0	3	11	0	0	0	9	11	0	0	0	0	0	0	11	13	0	0	8	7	11	11	11	11	11	11	11	0	11	11	11	11	7	11	11	11	8	8	11	6	6	11	11	11	11	11	11	3	11	11	11	8	8	11	11	0	0	0	11	11	11	3	11	11	11	11	11	11	11	11	11	11	11	11	11	11	11	11	8	8	11	11	11	11	11	0	0	0	11	11	11	0	8	8	8	11	11	11	11	8	8	8	8	11	11	11	19	7	11	11	11	11	11	8	11	11	11	11	11	11	11	11	11	11	11	0	11	11	11	11	11	11	11	11	11	11	11	0	0	11	11	11	11	11	11	11	11	11	19	11	11	11	0	11	11	10	8	0
	13	17	16	12	8	9	9	9	7	9	6	6	5	6	9	9	9	9	9	12	36	16	11	8	14	14	9	10	13	13	13	13	9	9	9	15	9	9	7	13	9	9	9	0	13	9	9	9	9	9	9	13	16	9	9	9	7	13	13	13	13	13	13	13	9	13	13	13	13	7	13	13	13	6	6	13	5	5	13	13	13	13	13	13	7	13	13	13	6	6	13	13	9	9	9	13	13	13	7	13	13	13	13	13	13	13	13	13	13	13	13	13	13	13	13	6	6	13	13	13	13	13	9	9	9	13	13	13	9	6	6	6	13	13	13	13	6	6	6	6	13	13	13	20	11	13	13	13	13	13	6	13	13	13	13	13	13	13	13	13	13	13	9	13	13	13	13	13	13	13	13	13	13	13	9	9	13	13	13	13	13	13	13	13	13	16	13	13	13	9	13	13	9	5	9
	0	13	13	13	9	11	11	13	13	11	11	12	12	11	11	11	8	11	11	7	38	12	7	11	12	6	9	9	0	0	0	0	11	9	11	6	11	11	8	0	11	11	11	13	0	11	11	11	11	11	11	0	7	11	11	8	11	0	0	0	0	0	0	0	11	0	0	0	0	11	0	0	0	12	12	0	9	9	0	0	0	0	0	0	8	0	0	0	12	12	0	0	11	11	11	0	0	0	8	0	0	0	0	0	0	0	0	0	0	0	0	0	0	0	0	12	12	0	0	0	0	0	11	11	11	0	0	0	11	12	12	12	0	0	0	0	12	12	12	12	0	0	0	16	5	0	0	0	0	0	12	0	0	0	0	0	0	0	0	0	0	0	11	0	0	0	0	0	0	0	0	0	0	0	11	11	0	0	0	0	0	0	0	0	0	18	0	0	0	11	0	0	9	11	11
	11	13	13	12	8	0	0	11	9	0	9	8	7	6	0	0	7	0	0	10	39	12	9	7	10	10	10	11	11	11	11	11	0	9	0	11	0	0	3	11	0	0	0	9	11	0	0	0	0	0	0	11	13	0	0	8	7	11	11	11	11	11	11	11	0	11	11	11	11	7	11	11	11	8	8	11	6	6	11	11	11	11	11	11	3	11	11	11	8	8	11	11	0	0	0	11	11	11	3	11	11	11	11	11	11	11	11	11	11	11	11	11	11	11	11	8	8	11	11	11	11	11	0	0	0	11	11	11	0	8	8	8	11	11	11	11	8	8	8	8	11	11	11	19	7	11	11	11	11	11	8	11	11	11	11	11	11	11	11	11	11	11	0	11	11	11	11	11	11	11	11	11	11	11	0	0	11	11	11	11	11	11	11	11	11	19	11	11	11	0	11	11	10	8	0
	11	13	13	12	8	0	0	11	9	0	9	8	7	6	0	0	7	0	0	10	39	12	9	7	10	10	10	11	11	11	11	11	0	9	0	11	0	0	3	11	0	0	0	9	11	0	0	0	0	0	0	11	13	0	0	8	7	11	11	11	11	11	11	11	0	11	11	11	11	7	11	11	11	8	8	11	6	6	11	11	11	11	11	11	3	11	11	11	8	8	11	11	0	0	0	11	11	11	3	11	11	11	11	11	11	11	11	11	11	11	11	11	11	11	11	8	8	11	11	11	11	11	0	0	0	11	11	11	0	8	8	8	11	11	11	11	8	8	8	8	11	11	11	19	7	11	11	11	11	11	8	11	11	11	11	11	11	11	11	11	11	11	0	11	11	11	11	11	11	11	11	11	11	11	0	0	11	11	11	11	11	11	11	11	11	19	11	11	11	0	11	11	10	8	0
	11	13	13	12	8	0	0	11	9	0	9	8	7	6	0	0	7	0	0	10	39	12	9	7	10	10	10	11	11	11	11	11	0	9	0	11	0	0	3	11	0	0	0	9	11	0	0	0	0	0	0	11	13	0	0	8	7	11	11	11	11	11	11	11	0	11	11	11	11	7	11	11	11	8	8	11	6	6	11	11	11	11	11	11	3	11	11	11	8	8	11	11	0	0	0	11	11	11	3	11	11	11	11	11	11	11	11	11	11	11	11	11	11	11	11	8	8	11	11	11	11	11	0	0	0	11	11	11	0	8	8	8	11	11	11	11	8	8	8	8	11	11	11	19	7	11	11	11	11	11	8	11	11	11	11	11	11	11	11	11	11	11	0	11	11	11	11	11	11	11	11	11	11	11	0	0	11	11	11	11	11	11	11	11	11	19	11	11	11	0	11	11	10	8	0
	11	13	13	12	8	0	0	11	9	0	9	8	7	6	0	0	7	0	0	10	39	12	9	7	10	10	10	11	11	11	11	11	0	9	0	11	0	0	3	11	0	0	0	9	11	0	0	0	0	0	0	11	13	0	0	8	7	11	11	11	11	11	11	11	0	11	11	11	11	7	11	11	11	8	8	11	6	6	11	11	11	11	11	11	3	11	11	11	8	8	11	11	0	0	0	11	11	11	3	11	11	11	11	11	11	11	11	11	11	11	11	11	11	11	11	8	8	11	11	11	11	11	0	0	0	11	11	11	0	8	8	8	11	11	11	11	8	8	8	8	11	11	11	19	7	11	11	11	11	11	8	11	11	11	11	11	11	11	11	11	11	11	0	11	11	11	11	11	11	11	11	11	11	11	0	0	11	11	11	11	11	11	11	11	11	19	11	11	11	0	11	11	10	8	0
	11	13	13	12	8	0	0	11	9	0	9	8	7	6	0	0	7	0	0	10	39	12	9	7	10	10	10	11	11	11	11	11	0	9	0	11	0	0	3	11	0	0	0	9	11	0	0	0	0	0	0	11	13	0	0	8	7	11	11	11	11	11	11	11	0	11	11	11	11	7	11	11	11	8	8	11	6	6	11	11	11	11	11	11	3	11	11	11	8	8	11	11	0	0	0	11	11	11	3	11	11	11	11	11	11	11	11	11	11	11	11	11	11	11	11	8	8	11	11	11	11	11	0	0	0	11	11	11	0	8	8	8	11	11	11	11	8	8	8	8	11	11	11	19	7	11	11	11	11	11	8	11	11	11	11	11	11	11	11	11	11	11	0	11	11	11	11	11	11	11	11	11	11	11	0	0	11	11	11	11	11	11	11	11	11	19	11	11	11	0	11	11	10	8	0
	11	13	13	12	8	0	0	11	9	0	9	8	7	6	0	0	7	0	0	10	39	12	9	7	10	10	10	11	11	11	11	11	0	9	0	11	0	0	3	11	0	0	0	9	11	0	0	0	0	0	0	11	13	0	0	8	7	11	11	11	11	11	11	11	0	11	11	11	11	7	11	11	11	8	8	11	6	6	11	11	11	11	11	11	3	11	11	11	8	8	11	11	0	0	0	11	11	11	3	11	11	11	11	11	11	11	11	11	11	11	11	11	11	11	11	8	8	11	11	11	11	11	0	0	0	11	11	11	0	8	8	8	11	11	11	11	8	8	8	8	11	11	11	19	7	11	11	11	11	11	8	11	11	11	11	11	11	11	11	11	11	11	0	11	11	11	11	11	11	11	11	11	11	11	0	0	11	11	11	11	11	11	11	11	11	19	11	11	11	0	11	11	10	8	0
	0	13	13	13	9	11	11	13	13	11	11	12	12	11	11	11	8	11	11	7	38	12	7	11	12	6	9	9	0	0	0	0	11	9	11	6	11	11	8	0	11	11	11	13	0	11	11	11	11	11	11	0	7	11	11	8	11	0	0	0	0	0	0	0	11	0	0	0	0	11	0	0	0	12	12	0	9	9	0	0	0	0	0	0	8	0	0	0	12	12	0	0	11	11	11	0	0	0	8	0	0	0	0	0	0	0	0	0	0	0	0	0	0	0	0	12	12	0	0	0	0	0	11	11	11	0	0	0	11	12	12	12	0	0	0	0	12	12	12	12	0	0	0	16	5	0	0	0	0	0	12	0	0	0	0	0	0	0	0	0	0	0	11	0	0	0	0	0	0	0	0	0	0	0	11	11	0	0	0	0	0	0	0	0	0	18	0	0	0	11	0	0	9	11	11
	7	10	11	14	13	13	13	17	17	13	15	15	14	14	13	13	9	13	13	9	36	11	9	13	12	9	12	12	7	7	7	7	13	12	13	2	13	13	12	7	13	13	13	16	7	13	13	13	13	13	13	7	0	13	13	11	11	7	7	7	7	7	7	7	13	7	7	7	7	11	7	7	7	15	15	7	12	12	7	7	7	7	7	7	12	7	7	7	15	15	7	7	13	13	13	7	7	7	12	7	7	7	7	7	7	7	7	7	7	7	7	7	7	7	7	15	15	7	7	7	7	7	13	13	13	7	7	7	13	15	15	15	7	7	7	7	15	15	15	15	7	7	7	18	8	7	7	7	7	7	15	7	7	7	7	7	7	7	7	7	7	7	13	7	7	7	7	7	7	7	7	7	7	7	13	13	7	7	7	7	7	7	7	7	7	14	7	7	7	13	7	7	12	14	13
	11	13	13	12	8	0	0	11	9	0	9	8	7	6	0	0	7	0	0	10	39	12	9	7	10	10	10	11	11	11	11	11	0	9	0	11	0	0	3	11	0	0	0	9	11	0	0	0	0	0	0	11	13	0	0	8	7	11	11	11	11	11	11	11	0	11	11	11	11	7	11	11	11	8	8	11	6	6	11	11	11	11	11	11	3	11	11	11	8	8	11	11	0	0	0	11	11	11	3	11	11	11	11	11	11	11	11	11	11	11	11	11	11	11	11	8	8	11	11	11	11	11	0	0	0	11	11	11	0	8	8	8	11	11	11	11	8	8	8	8	11	11	11	19	7	11	11	11	11	11	8	11	11	11	11	11	11	11	11	11	11	11	0	11	11	11	11	11	11	11	11	11	11	11	0	0	11	11	11	11	11	11	11	11	11	19	11	11	11	0	11	11	10	8	0
	11	13	13	12	8	0	0	11	9	0	9	8	7	6	0	0	7	0	0	10	39	12	9	7	10	10	10	11	11	11	11	11	0	9	0	11	0	0	3	11	0	0	0	9	11	0	0	0	0	0	0	11	13	0	0	8	7	11	11	11	11	11	11	11	0	11	11	11	11	7	11	11	11	8	8	11	6	6	11	11	11	11	11	11	3	11	11	11	8	8	11	11	0	0	0	11	11	11	3	11	11	11	11	11	11	11	11	11	11	11	11	11	11	11	11	8	8	11	11	11	11	11	0	0	0	11	11	11	0	8	8	8	11	11	11	11	8	8	8	8	11	11	11	19	7	11	11	11	11	11	8	11	11	11	11	11	11	11	11	11	11	11	0	11	11	11	11	11	11	11	11	11	11	11	0	0	11	11	11	11	11	11	11	11	11	19	11	11	11	0	11	11	10	8	0
	8	12	13	16	10	8	8	10	10	8	9	8	7	7	8	8	3	8	8	5	39	13	5	8	14	9	5	6	8	8	8	8	8	5	8	10	8	8	6	8	8	8	8	9	8	8	8	8	8	8	8	8	11	8	8	0	4	8	8	8	8	8	8	8	8	8	8	8	8	4	8	8	8	8	8	8	5	5	8	8	8	8	8	8	6	8	8	8	8	8	8	8	8	8	8	8	8	8	6	8	8	8	8	8	8	8	8	8	8	8	8	8	8	8	8	8	8	8	8	8	8	8	8	8	8	8	8	8	8	8	8	8	8	8	8	8	8	8	8	8	8	8	8	17	8	8	8	8	8	8	8	8	8	8	8	8	8	8	8	8	8	8	8	8	8	8	8	8	8	8	8	8	8	8	8	8	8	8	8	8	8	8	8	8	8	17	8	8	8	8	8	8	5	6	8
	11	13	12	16	8	7	7	10	8	7	8	7	6	6	7	7	4	7	7	7	38	12	5	6	13	8	8	8	11	11	11	11	7	7	7	10	7	7	4	11	7	7	7	7	11	7	7	7	7	7	7	11	11	7	7	4	0	11	11	11	11	11	11	11	7	11	11	11	11	0	11	11	11	7	7	11	4	4	11	11	11	11	11	11	4	11	11	11	7	7	11	11	7	7	7	11	11	11	4	11	11	11	11	11	11	11	11	11	11	11	11	11	11	11	11	7	7	11	11	11	11	11	7	7	7	11	11	11	7	7	7	7	11	11	11	11	7	7	7	7	11	11	11	16	7	11	11	11	11	11	7	11	11	11	11	11	11	11	11	11	11	11	7	11	11	11	11	11	11	11	11	11	11	11	7	7	11	11	11	11	11	11	11	11	11	19	11	11	11	7	11	11	8	6	7
	0	13	13	13	9	11	11	13	13	11	11	12	12	11	11	11	8	11	11	7	38	12	7	11	12	6	9	9	0	0	0	0	11	9	11	6	11	11	8	0	11	11	11	13	0	11	11	11	11	11	11	0	7	11	11	8	11	0	0	0	0	0	0	0	11	0	0	0	0	11	0	0	0	12	12	0	9	9	0	0	0	0	0	0	8	0	0	0	12	12	0	0	11	11	11	0	0	0	8	0	0	0	0	0	0	0	0	0	0	0	0	0	0	0	0	12	12	0	0	0	0	0	11	11	11	0	0	0	11	12	12	12	0	0	0	0	12	12	12	12	0	0	0	16	5	0	0	0	0	0	12	0	0	0	0	0	0	0	0	0	0	0	11	0	0	0	0	0	0	0	0	0	0	0	11	11	0	0	0	0	0	0	0	0	0	18	0	0	0	11	0	0	9	11	11
	0	13	13	13	9	11	11	13	13	11	11	12	12	11	11	11	8	11	11	7	38	12	7	11	12	6	9	9	0	0	0	0	11	9	11	6	11	11	8	0	11	11	11	13	0	11	11	11	11	11	11	0	7	11	11	8	11	0	0	0	0	0	0	0	11	0	0	0	0	11	0	0	0	12	12	0	9	9	0	0	0	0	0	0	8	0	0	0	12	12	0	0	11	11	11	0	0	0	8	0	0	0	0	0	0	0	0	0	0	0	0	0	0	0	0	12	12	0	0	0	0	0	11	11	11	0	0	0	11	12	12	12	0	0	0	0	12	12	12	12	0	0	0	16	5	0	0	0	0	0	12	0	0	0	0	0	0	0	0	0	0	0	11	0	0	0	0	0	0	0	0	0	0	0	11	11	0	0	0	0	0	0	0	0	0	18	0	0	0	11	0	0	9	11	11
	0	13	13	13	9	11	11	13	13	11	11	12	12	11	11	11	8	11	11	7	38	12	7	11	12	6	9	9	0	0	0	0	11	9	11	6	11	11	8	0	11	11	11	13	0	11	11	11	11	11	11	0	7	11	11	8	11	0	0	0	0	0	0	0	11	0	0	0	0	11	0	0	0	12	12	0	9	9	0	0	0	0	0	0	8	0	0	0	12	12	0	0	11	11	11	0	0	0	8	0	0	0	0	0	0	0	0	0	0	0	0	0	0	0	0	12	12	0	0	0	0	0	11	11	11	0	0	0	11	12	12	12	0	0	0	0	12	12	12	12	0	0	0	16	5	0	0	0	0	0	12	0	0	0	0	0	0	0	0	0	0	0	11	0	0	0	0	0	0	0	0	0	0	0	11	11	0	0	0	0	0	0	0	0	0	18	0	0	0	11	0	0	9	11	11
	0	13	13	13	9	11	11	13	13	11	11	12	12	11	11	11	8	11	11	7	38	12	7	11	12	6	9	9	0	0	0	0	11	9	11	6	11	11	8	0	11	11	11	13	0	11	11	11	11	11	11	0	7	11	11	8	11	0	0	0	0	0	0	0	11	0	0	0	0	11	0	0	0	12	12	0	9	9	0	0	0	0	0	0	8	0	0	0	12	12	0	0	11	11	11	0	0	0	8	0	0	0	0	0	0	0	0	0	0	0	0	0	0	0	0	12	12	0	0	0	0	0	11	11	11	0	0	0	11	12	12	12	0	0	0	0	12	12	12	12	0	0	0	16	5	0	0	0	0	0	12	0	0	0	0	0	0	0	0	0	0	0	11	0	0	0	0	0	0	0	0	0	0	0	11	11	0	0	0	0	0	0	0	0	0	18	0	0	0	11	0	0	9	11	11
	0	13	13	13	9	11	11	13	13	11	11	12	12	11	11	11	8	11	11	7	38	12	7	11	12	6	9	9	0	0	0	0	11	9	11	6	11	11	8	0	11	11	11	13	0	11	11	11	11	11	11	0	7	11	11	8	11	0	0	0	0	0	0	0	11	0	0	0	0	11	0	0	0	12	12	0	9	9	0	0	0	0	0	0	8	0	0	0	12	12	0	0	11	11	11	0	0	0	8	0	0	0	0	0	0	0	0	0	0	0	0	0	0	0	0	12	12	0	0	0	0	0	11	11	11	0	0	0	11	12	12	12	0	0	0	0	12	12	12	12	0	0	0	16	5	0	0	0	0	0	12	0	0	0	0	0	0	0	0	0	0	0	11	0	0	0	0	0	0	0	0	0	0	0	11	11	0	0	0	0	0	0	0	0	0	18	0	0	0	11	0	0	9	11	11
	0	13	13	13	9	11	11	13	13	11	11	12	12	11	11	11	8	11	11	7	38	12	7	11	12	6	9	9	0	0	0	0	11	9	11	6	11	11	8	0	11	11	11	13	0	11	11	11	11	11	11	0	7	11	11	8	11	0	0	0	0	0	0	0	11	0	0	0	0	11	0	0	0	12	12	0	9	9	0	0	0	0	0	0	8	0	0	0	12	12	0	0	11	11	11	0	0	0	8	0	0	0	0	0	0	0	0	0	0	0	0	0	0	0	0	12	12	0	0	0	0	0	11	11	11	0	0	0	11	12	12	12	0	0	0	0	12	12	12	12	0	0	0	16	5	0	0	0	0	0	12	0	0	0	0	0	0	0	0	0	0	0	11	0	0	0	0	0	0	0	0	0	0	0	11	11	0	0	0	0	0	0	0	0	0	18	0	0	0	11	0	0	9	11	11
	0	13	13	13	9	11	11	13	13	11	11	12	12	11	11	11	8	11	11	7	38	12	7	11	12	6	9	9	0	0	0	0	11	9	11	6	11	11	8	0	11	11	11	13	0	11	11	11	11	11	11	0	7	11	11	8	11	0	0	0	0	0	0	0	11	0	0	0	0	11	0	0	0	12	12	0	9	9	0	0	0	0	0	0	8	0	0	0	12	12	0	0	11	11	11	0	0	0	8	0	0	0	0	0	0	0	0	0	0	0	0	0	0	0	0	12	12	0	0	0	0	0	11	11	11	0	0	0	11	12	12	12	0	0	0	0	12	12	12	12	0	0	0	16	5	0	0	0	0	0	12	0	0	0	0	0	0	0	0	0	0	0	11	0	0	0	0	0	0	0	0	0	0	0	11	11	0	0	0	0	0	0	0	0	0	18	0	0	0	11	0	0	9	11	11
	11	13	13	12	8	0	0	11	9	0	9	8	7	6	0	0	7	0	0	10	39	12	9	7	10	10	10	11	11	11	11	11	0	9	0	11	0	0	3	11	0	0	0	9	11	0	0	0	0	0	0	11	13	0	0	8	7	11	11	11	11	11	11	11	0	11	11	11	11	7	11	11	11	8	8	11	6	6	11	11	11	11	11	11	3	11	11	11	8	8	11	11	0	0	0	11	11	11	3	11	11	11	11	11	11	11	11	11	11	11	11	11	11	11	11	8	8	11	11	11	11	11	0	0	0	11	11	11	0	8	8	8	11	11	11	11	8	8	8	8	11	11	11	19	7	11	11	11	11	11	8	11	11	11	11	11	11	11	11	11	11	11	0	11	11	11	11	11	11	11	11	11	11	11	0	0	11	11	11	11	11	11	11	11	11	19	11	11	11	0	11	11	10	8	0
	0	13	13	13	9	11	11	13	13	11	11	12	12	11	11	11	8	11	11	7	38	12	7	11	12	6	9	9	0	0	0	0	11	9	11	6	11	11	8	0	11	11	11	13	0	11	11	11	11	11	11	0	7	11	11	8	11	0	0	0	0	0	0	0	11	0	0	0	0	11	0	0	0	12	12	0	9	9	0	0	0	0	0	0	8	0	0	0	12	12	0	0	11	11	11	0	0	0	8	0	0	0	0	0	0	0	0	0	0	0	0	0	0	0	0	12	12	0	0	0	0	0	11	11	11	0	0	0	11	12	12	12	0	0	0	0	12	12	12	12	0	0	0	16	5	0	0	0	0	0	12	0	0	0	0	0	0	0	0	0	0	0	11	0	0	0	0	0	0	0	0	0	0	0	11	11	0	0	0	0	0	0	0	0	0	18	0	0	0	11	0	0	9	11	11
	0	13	13	13	9	11	11	13	13	11	11	12	12	11	11	11	8	11	11	7	38	12	7	11	12	6	9	9	0	0	0	0	11	9	11	6	11	11	8	0	11	11	11	13	0	11	11	11	11	11	11	0	7	11	11	8	11	0	0	0	0	0	0	0	11	0	0	0	0	11	0	0	0	12	12	0	9	9	0	0	0	0	0	0	8	0	0	0	12	12	0	0	11	11	11	0	0	0	8	0	0	0	0	0	0	0	0	0	0	0	0	0	0	0	0	12	12	0	0	0	0	0	11	11	11	0	0	0	11	12	12	12	0	0	0	0	12	12	12	12	0	0	0	16	5	0	0	0	0	0	12	0	0	0	0	0	0	0	0	0	0	0	11	0	0	0	0	0	0	0	0	0	0	0	11	11	0	0	0	0	0	0	0	0	0	18	0	0	0	11	0	0	9	11	11
	0	13	13	13	9	11	11	13	13	11	11	12	12	11	11	11	8	11	11	7	38	12	7	11	12	6	9	9	0	0	0	0	11	9	11	6	11	11	8	0	11	11	11	13	0	11	11	11	11	11	11	0	7	11	11	8	11	0	0	0	0	0	0	0	11	0	0	0	0	11	0	0	0	12	12	0	9	9	0	0	0	0	0	0	8	0	0	0	12	12	0	0	11	11	11	0	0	0	8	0	0	0	0	0	0	0	0	0	0	0	0	0	0	0	0	12	12	0	0	0	0	0	11	11	11	0	0	0	11	12	12	12	0	0	0	0	12	12	12	12	0	0	0	16	5	0	0	0	0	0	12	0	0	0	0	0	0	0	0	0	0	0	11	0	0	0	0	0	0	0	0	0	0	0	11	11	0	0	0	0	0	0	0	0	0	18	0	0	0	11	0	0	9	11	11
	0	13	13	13	9	11	11	13	13	11	11	12	12	11	11	11	8	11	11	7	38	12	7	11	12	6	9	9	0	0	0	0	11	9	11	6	11	11	8	0	11	11	11	13	0	11	11	11	11	11	11	0	7	11	11	8	11	0	0	0	0	0	0	0	11	0	0	0	0	11	0	0	0	12	12	0	9	9	0	0	0	0	0	0	8	0	0	0	12	12	0	0	11	11	11	0	0	0	8	0	0	0	0	0	0	0	0	0	0	0	0	0	0	0	0	12	12	0	0	0	0	0	11	11	11	0	0	0	11	12	12	12	0	0	0	0	12	12	12	12	0	0	0	16	5	0	0	0	0	0	12	0	0	0	0	0	0	0	0	0	0	0	11	0	0	0	0	0	0	0	0	0	0	0	11	11	0	0	0	0	0	0	0	0	0	18	0	0	0	11	0	0	9	11	11
	11	13	12	16	8	7	7	10	8	7	8	7	6	6	7	7	4	7	7	7	38	12	5	6	13	8	8	8	11	11	11	11	7	7	7	10	7	7	4	11	7	7	7	7	11	7	7	7	7	7	7	11	11	7	7	4	0	11	11	11	11	11	11	11	7	11	11	11	11	0	11	11	11	7	7	11	4	4	11	11	11	11	11	11	4	11	11	11	7	7	11	11	7	7	7	11	11	11	4	11	11	11	11	11	11	11	11	11	11	11	11	11	11	11	11	7	7	11	11	11	11	11	7	7	7	11	11	11	7	7	7	7	11	11	11	11	7	7	7	7	11	11	11	16	7	11	11	11	11	11	7	11	11	11	11	11	11	11	11	11	11	11	7	11	11	11	11	11	11	11	11	11	11	11	7	7	11	11	11	11	11	11	11	11	11	19	11	11	11	7	11	11	8	6	7
	0	13	13	13	9	11	11	13	13	11	11	12	12	11	11	11	8	11	11	7	38	12	7	11	12	6	9	9	0	0	0	0	11	9	11	6	11	11	8	0	11	11	11	13	0	11	11	11	11	11	11	0	7	11	11	8	11	0	0	0	0	0	0	0	11	0	0	0	0	11	0	0	0	12	12	0	9	9	0	0	0	0	0	0	8	0	0	0	12	12	0	0	11	11	11	0	0	0	8	0	0	0	0	0	0	0	0	0	0	0	0	0	0	0	0	12	12	0	0	0	0	0	11	11	11	0	0	0	11	12	12	12	0	0	0	0	12	12	12	12	0	0	0	16	5	0	0	0	0	0	12	0	0	0	0	0	0	0	0	0	0	0	11	0	0	0	0	0	0	0	0	0	0	0	11	11	0	0	0	0	0	0	0	0	0	18	0	0	0	11	0	0	9	11	11
	0	13	13	13	9	11	11	13	13	11	11	12	12	11	11	11	8	11	11	7	38	12	7	11	12	6	9	9	0	0	0	0	11	9	11	6	11	11	8	0	11	11	11	13	0	11	11	11	11	11	11	0	7	11	11	8	11	0	0	0	0	0	0	0	11	0	0	0	0	11	0	0	0	12	12	0	9	9	0	0	0	0	0	0	8	0	0	0	12	12	0	0	11	11	11	0	0	0	8	0	0	0	0	0	0	0	0	0	0	0	0	0	0	0	0	12	12	0	0	0	0	0	11	11	11	0	0	0	11	12	12	12	0	0	0	0	12	12	12	12	0	0	0	16	5	0	0	0	0	0	12	0	0	0	0	0	0	0	0	0	0	0	11	0	0	0	0	0	0	0	0	0	0	0	11	11	0	0	0	0	0	0	0	0	0	18	0	0	0	11	0	0	9	11	11
	0	13	13	13	9	11	11	13	13	11	11	12	12	11	11	11	8	11	11	7	38	12	7	11	12	6	9	9	0	0	0	0	11	9	11	6	11	11	8	0	11	11	11	13	0	11	11	11	11	11	11	0	7	11	11	8	11	0	0	0	0	0	0	0	11	0	0	0	0	11	0	0	0	12	12	0	9	9	0	0	0	0	0	0	8	0	0	0	12	12	0	0	11	11	11	0	0	0	8	0	0	0	0	0	0	0	0	0	0	0	0	0	0	0	0	12	12	0	0	0	0	0	11	11	11	0	0	0	11	12	12	12	0	0	0	0	12	12	12	12	0	0	0	16	5	0	0	0	0	0	12	0	0	0	0	0	0	0	0	0	0	0	11	0	0	0	0	0	0	0	0	0	0	0	11	11	0	0	0	0	0	0	0	0	0	18	0	0	0	11	0	0	9	11	11
	12	14	13	13	9	8	8	10	9	8	3	0	1	2	8	8	7	8	8	11	35	13	9	7	13	12	8	8	12	12	12	12	8	7	8	14	8	8	5	12	8	8	8	6	12	8	8	8	8	8	8	12	15	8	8	8	7	12	12	12	12	12	12	12	8	12	12	12	12	7	12	12	12	0	0	12	5	5	12	12	12	12	12	12	5	12	12	12	0	0	12	12	8	8	8	12	12	12	5	12	12	12	12	12	12	12	12	12	12	12	12	12	12	12	12	0	0	12	12	12	12	12	8	8	8	12	12	12	8	0	0	0	12	12	12	12	0	0	0	0	12	12	12	19	10	12	12	12	12	12	0	12	12	12	12	12	12	12	12	12	12	12	8	12	12	12	12	12	12	12	12	12	12	12	8	8	12	12	12	12	12	12	12	12	12	16	12	12	12	8	12	12	8	3	8
	12	14	13	13	9	8	8	10	9	8	3	0	1	2	8	8	7	8	8	11	35	13	9	7	13	12	8	8	12	12	12	12	8	7	8	14	8	8	5	12	8	8	8	6	12	8	8	8	8	8	8	12	15	8	8	8	7	12	12	12	12	12	12	12	8	12	12	12	12	7	12	12	12	0	0	12	5	5	12	12	12	12	12	12	5	12	12	12	0	0	12	12	8	8	8	12	12	12	5	12	12	12	12	12	12	12	12	12	12	12	12	12	12	12	12	0	0	12	12	12	12	12	8	8	8	12	12	12	8	0	0	0	12	12	12	12	0	0	0	0	12	12	12	19	10	12	12	12	12	12	0	12	12	12	12	12	12	12	12	12	12	12	8	12	12	12	12	12	12	12	12	12	12	12	8	8	12	12	12	12	12	12	12	12	12	16	12	12	12	8	12	12	8	3	8
	0	13	13	13	9	11	11	13	13	11	11	12	12	11	11	11	8	11	11	7	38	12	7	11	12	6	9	9	0	0	0	0	11	9	11	6	11	11	8	0	11	11	11	13	0	11	11	11	11	11	11	0	7	11	11	8	11	0	0	0	0	0	0	0	11	0	0	0	0	11	0	0	0	12	12	0	9	9	0	0	0	0	0	0	8	0	0	0	12	12	0	0	11	11	11	0	0	0	8	0	0	0	0	0	0	0	0	0	0	0	0	0	0	0	0	12	12	0	0	0	0	0	11	11	11	0	0	0	11	12	12	12	0	0	0	0	12	12	12	12	0	0	0	16	5	0	0	0	0	0	12	0	0	0	0	0	0	0	0	0	0	0	11	0	0	0	0	0	0	0	0	0	0	0	11	11	0	0	0	0	0	0	0	0	0	18	0	0	0	11	0	0	9	11	11
	9	13	12	14	7	6	6	9	6	6	6	5	4	4	6	6	4	6	6	7	36	12	6	5	12	9	4	5	9	9	9	9	6	4	6	11	6	6	3	9	6	6	6	5	9	6	6	6	6	6	6	9	12	6	6	5	4	9	9	9	9	9	9	9	6	9	9	9	9	4	9	9	9	5	5	9	0	0	9	9	9	9	9	9	3	9	9	9	5	5	9	9	6	6	6	9	9	9	3	9	9	9	9	9	9	9	9	9	9	9	9	9	9	9	9	5	5	9	9	9	9	9	6	6	6	9	9	9	6	5	5	5	9	9	9	9	5	5	5	5	9	9	9	17	8	9	9	9	9	9	5	9	9	9	9	9	9	9	9	9	9	9	6	9	9	9	9	9	9	9	9	9	9	9	6	6	9	9	9	9	9	9	9	9	9	17	9	9	9	6	9	9	4	3	6
	9	13	12	14	7	6	6	9	6	6	6	5	4	4	6	6	4	6	6	7	36	12	6	5	12	9	4	5	9	9	9	9	6	4	6	11	6	6	3	9	6	6	6	5	9	6	6	6	6	6	6	9	12	6	6	5	4	9	9	9	9	9	9	9	6	9	9	9	9	4	9	9	9	5	5	9	0	0	9	9	9	9	9	9	3	9	9	9	5	5	9	9	6	6	6	9	9	9	3	9	9	9	9	9	9	9	9	9	9	9	9	9	9	9	9	5	5	9	9	9	9	9	6	6	6	9	9	9	6	5	5	5	9	9	9	9	5	5	5	5	9	9	9	17	8	9	9	9	9	9	5	9	9	9	9	9	9	9	9	9	9	9	6	9	9	9	9	9	9	9	9	9	9	9	6	6	9	9	9	9	9	9	9	9	9	17	9	9	9	6	9	9	4	3	6
	0	13	13	13	9	11	11	13	13	11	11	12	12	11	11	11	8	11	11	7	38	12	7	11	12	6	9	9	0	0	0	0	11	9	11	6	11	11	8	0	11	11	11	13	0	11	11	11	11	11	11	0	7	11	11	8	11	0	0	0	0	0	0	0	11	0	0	0	0	11	0	0	0	12	12	0	9	9	0	0	0	0	0	0	8	0	0	0	12	12	0	0	11	11	11	0	0	0	8	0	0	0	0	0	0	0	0	0	0	0	0	0	0	0	0	12	12	0	0	0	0	0	11	11	11	0	0	0	11	12	12	12	0	0	0	0	12	12	12	12	0	0	0	16	5	0	0	0	0	0	12	0	0	0	0	0	0	0	0	0	0	0	11	0	0	0	0	0	0	0	0	0	0	0	11	11	0	0	0	0	0	0	0	0	0	18	0	0	0	11	0	0	9	11	11
	0	13	13	13	9	11	11	13	13	11	11	12	12	11	11	11	8	11	11	7	38	12	7	11	12	6	9	9	0	0	0	0	11	9	11	6	11	11	8	0	11	11	11	13	0	11	11	11	11	11	11	0	7	11	11	8	11	0	0	0	0	0	0	0	11	0	0	0	0	11	0	0	0	12	12	0	9	9	0	0	0	0	0	0	8	0	0	0	12	12	0	0	11	11	11	0	0	0	8	0	0	0	0	0	0	0	0	0	0	0	0	0	0	0	0	12	12	0	0	0	0	0	11	11	11	0	0	0	11	12	12	12	0	0	0	0	12	12	12	12	0	0	0	16	5	0	0	0	0	0	12	0	0	0	0	0	0	0	0	0	0	0	11	0	0	0	0	0	0	0	0	0	0	0	11	11	0	0	0	0	0	0	0	0	0	18	0	0	0	11	0	0	9	11	11
	0	13	13	13	9	11	11	13	13	11	11	12	12	11	11	11	8	11	11	7	38	12	7	11	12	6	9	9	0	0	0	0	11	9	11	6	11	11	8	0	11	11	11	13	0	11	11	11	11	11	11	0	7	11	11	8	11	0	0	0	0	0	0	0	11	0	0	0	0	11	0	0	0	12	12	0	9	9	0	0	0	0	0	0	8	0	0	0	12	12	0	0	11	11	11	0	0	0	8	0	0	0	0	0	0	0	0	0	0	0	0	0	0	0	0	12	12	0	0	0	0	0	11	11	11	0	0	0	11	12	12	12	0	0	0	0	12	12	12	12	0	0	0	16	5	0	0	0	0	0	12	0	0	0	0	0	0	0	0	0	0	0	11	0	0	0	0	0	0	0	0	0	0	0	11	11	0	0	0	0	0	0	0	0	0	18	0	0	0	11	0	0	9	11	11
	0	13	13	13	9	11	11	13	13	11	11	12	12	11	11	11	8	11	11	7	38	12	7	11	12	6	9	9	0	0	0	0	11	9	11	6	11	11	8	0	11	11	11	13	0	11	11	11	11	11	11	0	7	11	11	8	11	0	0	0	0	0	0	0	11	0	0	0	0	11	0	0	0	12	12	0	9	9	0	0	0	0	0	0	8	0	0	0	12	12	0	0	11	11	11	0	0	0	8	0	0	0	0	0	0	0	0	0	0	0	0	0	0	0	0	12	12	0	0	0	0	0	11	11	11	0	0	0	11	12	12	12	0	0	0	0	12	12	12	12	0	0	0	16	5	0	0	0	0	0	12	0	0	0	0	0	0	0	0	0	0	0	11	0	0	0	0	0	0	0	0	0	0	0	11	11	0	0	0	0	0	0	0	0	0	18	0	0	0	11	0	0	9	11	11
	0	13	13	13	9	11	11	13	13	11	11	12	12	11	11	11	8	11	11	7	38	12	7	11	12	6	9	9	0	0	0	0	11	9	11	6	11	11	8	0	11	11	11	13	0	11	11	11	11	11	11	0	7	11	11	8	11	0	0	0	0	0	0	0	11	0	0	0	0	11	0	0	0	12	12	0	9	9	0	0	0	0	0	0	8	0	0	0	12	12	0	0	11	11	11	0	0	0	8	0	0	0	0	0	0	0	0	0	0	0	0	0	0	0	0	12	12	0	0	0	0	0	11	11	11	0	0	0	11	12	12	12	0	0	0	0	12	12	12	12	0	0	0	16	5	0	0	0	0	0	12	0	0	0	0	0	0	0	0	0	0	0	11	0	0	0	0	0	0	0	0	0	0	0	11	11	0	0	0	0	0	0	0	0	0	18	0	0	0	11	0	0	9	11	11
	0	13	13	13	9	11	11	13	13	11	11	12	12	11	11	11	8	11	11	7	38	12	7	11	12	6	9	9	0	0	0	0	11	9	11	6	11	11	8	0	11	11	11	13	0	11	11	11	11	11	11	0	7	11	11	8	11	0	0	0	0	0	0	0	11	0	0	0	0	11	0	0	0	12	12	0	9	9	0	0	0	0	0	0	8	0	0	0	12	12	0	0	11	11	11	0	0	0	8	0	0	0	0	0	0	0	0	0	0	0	0	0	0	0	0	12	12	0	0	0	0	0	11	11	11	0	0	0	11	12	12	12	0	0	0	0	12	12	12	12	0	0	0	16	5	0	0	0	0	0	12	0	0	0	0	0	0	0	0	0	0	0	11	0	0	0	0	0	0	0	0	0	0	0	11	11	0	0	0	0	0	0	0	0	0	18	0	0	0	11	0	0	9	11	11
	8	11	10	12	6	3	3	10	7	3	6	5	5	5	3	3	4	3	3	9	37	10	6	5	10	9	7	8	8	8	8	8	3	6	3	10	3	3	0	8	3	3	3	7	8	3	3	3	3	3	3	8	12	3	3	6	4	8	8	8	8	8	8	8	3	8	8	8	8	4	8	8	8	5	5	8	3	3	8	8	8	8	8	8	0	8	8	8	5	5	8	8	3	3	3	8	8	8	0	8	8	8	8	8	8	8	8	8	8	8	8	8	8	8	8	5	5	8	8	8	8	8	3	3	3	8	8	8	3	5	5	5	8	8	8	8	5	5	5	5	8	8	8	16	5	8	8	8	8	8	5	8	8	8	8	8	8	8	8	8	8	8	3	8	8	8	8	8	8	8	8	8	8	8	3	3	8	8	8	8	8	8	8	8	8	18	8	8	8	3	8	8	7	5	3
	0	13	13	13	9	11	11	13	13	11	11	12	12	11	11	11	8	11	11	7	38	12	7	11	12	6	9	9	0	0	0	0	11	9	11	6	11	11	8	0	11	11	11	13	0	11	11	11	11	11	11	0	7	11	11	8	11	0	0	0	0	0	0	0	11	0	0	0	0	11	0	0	0	12	12	0	9	9	0	0	0	0	0	0	8	0	0	0	12	12	0	0	11	11	11	0	0	0	8	0	0	0	0	0	0	0	0	0	0	0	0	0	0	0	0	12	12	0	0	0	0	0	11	11	11	0	0	0	11	12	12	12	0	0	0	0	12	12	12	12	0	0	0	16	5	0	0	0	0	0	12	0	0	0	0	0	0	0	0	0	0	0	11	0	0	0	0	0	0	0	0	0	0	0	11	11	0	0	0	0	0	0	0	0	0	18	0	0	0	11	0	0	9	11	11
	0	13	13	13	9	11	11	13	13	11	11	12	12	11	11	11	8	11	11	7	38	12	7	11	12	6	9	9	0	0	0	0	11	9	11	6	11	11	8	0	11	11	11	13	0	11	11	11	11	11	11	0	7	11	11	8	11	0	0	0	0	0	0	0	11	0	0	0	0	11	0	0	0	12	12	0	9	9	0	0	0	0	0	0	8	0	0	0	12	12	0	0	11	11	11	0	0	0	8	0	0	0	0	0	0	0	0	0	0	0	0	0	0	0	0	12	12	0	0	0	0	0	11	11	11	0	0	0	11	12	12	12	0	0	0	0	12	12	12	12	0	0	0	16	5	0	0	0	0	0	12	0	0	0	0	0	0	0	0	0	0	0	11	0	0	0	0	0	0	0	0	0	0	0	11	11	0	0	0	0	0	0	0	0	0	18	0	0	0	11	0	0	9	11	11
	0	13	13	13	9	11	11	13	13	11	11	12	12	11	11	11	8	11	11	7	38	12	7	11	12	6	9	9	0	0	0	0	11	9	11	6	11	11	8	0	11	11	11	13	0	11	11	11	11	11	11	0	7	11	11	8	11	0	0	0	0	0	0	0	11	0	0	0	0	11	0	0	0	12	12	0	9	9	0	0	0	0	0	0	8	0	0	0	12	12	0	0	11	11	11	0	0	0	8	0	0	0	0	0	0	0	0	0	0	0	0	0	0	0	0	12	12	0	0	0	0	0	11	11	11	0	0	0	11	12	12	12	0	0	0	0	12	12	12	12	0	0	0	16	5	0	0	0	0	0	12	0	0	0	0	0	0	0	0	0	0	0	11	0	0	0	0	0	0	0	0	0	0	0	11	11	0	0	0	0	0	0	0	0	0	18	0	0	0	11	0	0	9	11	11
	12	14	13	13	9	8	8	10	9	8	3	0	1	2	8	8	7	8	8	11	35	13	9	7	13	12	8	8	12	12	12	12	8	7	8	14	8	8	5	12	8	8	8	6	12	8	8	8	8	8	8	12	15	8	8	8	7	12	12	12	12	12	12	12	8	12	12	12	12	7	12	12	12	0	0	12	5	5	12	12	12	12	12	12	5	12	12	12	0	0	12	12	8	8	8	12	12	12	5	12	12	12	12	12	12	12	12	12	12	12	12	12	12	12	12	0	0	12	12	12	12	12	8	8	8	12	12	12	8	0	0	0	12	12	12	12	0	0	0	0	12	12	12	19	10	12	12	12	12	12	0	12	12	12	12	12	12	12	12	12	12	12	8	12	12	12	12	12	12	12	12	12	12	12	8	8	12	12	12	12	12	12	12	12	12	16	12	12	12	8	12	12	8	3	8
	12	14	13	13	9	8	8	10	9	8	3	0	1	2	8	8	7	8	8	11	35	13	9	7	13	12	8	8	12	12	12	12	8	7	8	14	8	8	5	12	8	8	8	6	12	8	8	8	8	8	8	12	15	8	8	8	7	12	12	12	12	12	12	12	8	12	12	12	12	7	12	12	12	0	0	12	5	5	12	12	12	12	12	12	5	12	12	12	0	0	12	12	8	8	8	12	12	12	5	12	12	12	12	12	12	12	12	12	12	12	12	12	12	12	12	0	0	12	12	12	12	12	8	8	8	12	12	12	8	0	0	0	12	12	12	12	0	0	0	0	12	12	12	19	10	12	12	12	12	12	0	12	12	12	12	12	12	12	12	12	12	12	8	12	12	12	12	12	12	12	12	12	12	12	8	8	12	12	12	12	12	12	12	12	12	16	12	12	12	8	12	12	8	3	8
	0	13	13	13	9	11	11	13	13	11	11	12	12	11	11	11	8	11	11	7	38	12	7	11	12	6	9	9	0	0	0	0	11	9	11	6	11	11	8	0	11	11	11	13	0	11	11	11	11	11	11	0	7	11	11	8	11	0	0	0	0	0	0	0	11	0	0	0	0	11	0	0	0	12	12	0	9	9	0	0	0	0	0	0	8	0	0	0	12	12	0	0	11	11	11	0	0	0	8	0	0	0	0	0	0	0	0	0	0	0	0	0	0	0	0	12	12	0	0	0	0	0	11	11	11	0	0	0	11	12	12	12	0	0	0	0	12	12	12	12	0	0	0	16	5	0	0	0	0	0	12	0	0	0	0	0	0	0	0	0	0	0	11	0	0	0	0	0	0	0	0	0	0	0	11	11	0	0	0	0	0	0	0	0	0	18	0	0	0	11	0	0	9	11	11
	0	13	13	13	9	11	11	13	13	11	11	12	12	11	11	11	8	11	11	7	38	12	7	11	12	6	9	9	0	0	0	0	11	9	11	6	11	11	8	0	11	11	11	13	0	11	11	11	11	11	11	0	7	11	11	8	11	0	0	0	0	0	0	0	11	0	0	0	0	11	0	0	0	12	12	0	9	9	0	0	0	0	0	0	8	0	0	0	12	12	0	0	11	11	11	0	0	0	8	0	0	0	0	0	0	0	0	0	0	0	0	0	0	0	0	12	12	0	0	0	0	0	11	11	11	0	0	0	11	12	12	12	0	0	0	0	12	12	12	12	0	0	0	16	5	0	0	0	0	0	12	0	0	0	0	0	0	0	0	0	0	0	11	0	0	0	0	0	0	0	0	0	0	0	11	11	0	0	0	0	0	0	0	0	0	18	0	0	0	11	0	0	9	11	11
	11	13	13	12	8	0	0	11	9	0	9	8	7	6	0	0	7	0	0	10	39	12	9	7	10	10	10	11	11	11	11	11	0	9	0	11	0	0	3	11	0	0	0	9	11	0	0	0	0	0	0	11	13	0	0	8	7	11	11	11	11	11	11	11	0	11	11	11	11	7	11	11	11	8	8	11	6	6	11	11	11	11	11	11	3	11	11	11	8	8	11	11	0	0	0	11	11	11	3	11	11	11	11	11	11	11	11	11	11	11	11	11	11	11	11	8	8	11	11	11	11	11	0	0	0	11	11	11	0	8	8	8	11	11	11	11	8	8	8	8	11	11	11	19	7	11	11	11	11	11	8	11	11	11	11	11	11	11	11	11	11	11	0	11	11	11	11	11	11	11	11	11	11	11	0	0	11	11	11	11	11	11	11	11	11	19	11	11	11	0	11	11	10	8	0
	11	13	13	12	8	0	0	11	9	0	9	8	7	6	0	0	7	0	0	10	39	12	9	7	10	10	10	11	11	11	11	11	0	9	0	11	0	0	3	11	0	0	0	9	11	0	0	0	0	0	0	11	13	0	0	8	7	11	11	11	11	11	11	11	0	11	11	11	11	7	11	11	11	8	8	11	6	6	11	11	11	11	11	11	3	11	11	11	8	8	11	11	0	0	0	11	11	11	3	11	11	11	11	11	11	11	11	11	11	11	11	11	11	11	11	8	8	11	11	11	11	11	0	0	0	11	11	11	0	8	8	8	11	11	11	11	8	8	8	8	11	11	11	19	7	11	11	11	11	11	8	11	11	11	11	11	11	11	11	11	11	11	0	11	11	11	11	11	11	11	11	11	11	11	0	0	11	11	11	11	11	11	11	11	11	19	11	11	11	0	11	11	10	8	0
	11	13	13	12	8	0	0	11	9	0	9	8	7	6	0	0	7	0	0	10	39	12	9	7	10	10	10	11	11	11	11	11	0	9	0	11	0	0	3	11	0	0	0	9	11	0	0	0	0	0	0	11	13	0	0	8	7	11	11	11	11	11	11	11	0	11	11	11	11	7	11	11	11	8	8	11	6	6	11	11	11	11	11	11	3	11	11	11	8	8	11	11	0	0	0	11	11	11	3	11	11	11	11	11	11	11	11	11	11	11	11	11	11	11	11	8	8	11	11	11	11	11	0	0	0	11	11	11	0	8	8	8	11	11	11	11	8	8	8	8	11	11	11	19	7	11	11	11	11	11	8	11	11	11	11	11	11	11	11	11	11	11	0	11	11	11	11	11	11	11	11	11	11	11	0	0	11	11	11	11	11	11	11	11	11	19	11	11	11	0	11	11	10	8	0
	0	13	13	13	9	11	11	13	13	11	11	12	12	11	11	11	8	11	11	7	38	12	7	11	12	6	9	9	0	0	0	0	11	9	11	6	11	11	8	0	11	11	11	13	0	11	11	11	11	11	11	0	7	11	11	8	11	0	0	0	0	0	0	0	11	0	0	0	0	11	0	0	0	12	12	0	9	9	0	0	0	0	0	0	8	0	0	0	12	12	0	0	11	11	11	0	0	0	8	0	0	0	0	0	0	0	0	0	0	0	0	0	0	0	0	12	12	0	0	0	0	0	11	11	11	0	0	0	11	12	12	12	0	0	0	0	12	12	12	12	0	0	0	16	5	0	0	0	0	0	12	0	0	0	0	0	0	0	0	0	0	0	11	0	0	0	0	0	0	0	0	0	0	0	11	11	0	0	0	0	0	0	0	0	0	18	0	0	0	11	0	0	9	11	11
	0	13	13	13	9	11	11	13	13	11	11	12	12	11	11	11	8	11	11	7	38	12	7	11	12	6	9	9	0	0	0	0	11	9	11	6	11	11	8	0	11	11	11	13	0	11	11	11	11	11	11	0	7	11	11	8	11	0	0	0	0	0	0	0	11	0	0	0	0	11	0	0	0	12	12	0	9	9	0	0	0	0	0	0	8	0	0	0	12	12	0	0	11	11	11	0	0	0	8	0	0	0	0	0	0	0	0	0	0	0	0	0	0	0	0	12	12	0	0	0	0	0	11	11	11	0	0	0	11	12	12	12	0	0	0	0	12	12	12	12	0	0	0	16	5	0	0	0	0	0	12	0	0	0	0	0	0	0	0	0	0	0	11	0	0	0	0	0	0	0	0	0	0	0	11	11	0	0	0	0	0	0	0	0	0	18	0	0	0	11	0	0	9	11	11
	0	13	13	13	9	11	11	13	13	11	11	12	12	11	11	11	8	11	11	7	38	12	7	11	12	6	9	9	0	0	0	0	11	9	11	6	11	11	8	0	11	11	11	13	0	11	11	11	11	11	11	0	7	11	11	8	11	0	0	0	0	0	0	0	11	0	0	0	0	11	0	0	0	12	12	0	9	9	0	0	0	0	0	0	8	0	0	0	12	12	0	0	11	11	11	0	0	0	8	0	0	0	0	0	0	0	0	0	0	0	0	0	0	0	0	12	12	0	0	0	0	0	11	11	11	0	0	0	11	12	12	12	0	0	0	0	12	12	12	12	0	0	0	16	5	0	0	0	0	0	12	0	0	0	0	0	0	0	0	0	0	0	11	0	0	0	0	0	0	0	0	0	0	0	11	11	0	0	0	0	0	0	0	0	0	18	0	0	0	11	0	0	9	11	11
	8	11	10	12	6	3	3	10	7	3	6	5	5	5	3	3	4	3	3	9	37	10	6	5	10	9	7	8	8	8	8	8	3	6	3	10	3	3	0	8	3	3	3	7	8	3	3	3	3	3	3	8	12	3	3	6	4	8	8	8	8	8	8	8	3	8	8	8	8	4	8	8	8	5	5	8	3	3	8	8	8	8	8	8	0	8	8	8	5	5	8	8	3	3	3	8	8	8	0	8	8	8	8	8	8	8	8	8	8	8	8	8	8	8	8	5	5	8	8	8	8	8	3	3	3	8	8	8	3	5	5	5	8	8	8	8	5	5	5	5	8	8	8	16	5	8	8	8	8	8	5	8	8	8	8	8	8	8	8	8	8	8	3	8	8	8	8	8	8	8	8	8	8	8	3	3	8	8	8	8	8	8	8	8	8	18	8	8	8	3	8	8	7	5	3
	0	13	13	13	9	11	11	13	13	11	11	12	12	11	11	11	8	11	11	7	38	12	7	11	12	6	9	9	0	0	0	0	11	9	11	6	11	11	8	0	11	11	11	13	0	11	11	11	11	11	11	0	7	11	11	8	11	0	0	0	0	0	0	0	11	0	0	0	0	11	0	0	0	12	12	0	9	9	0	0	0	0	0	0	8	0	0	0	12	12	0	0	11	11	11	0	0	0	8	0	0	0	0	0	0	0	0	0	0	0	0	0	0	0	0	12	12	0	0	0	0	0	11	11	11	0	0	0	11	12	12	12	0	0	0	0	12	12	12	12	0	0	0	16	5	0	0	0	0	0	12	0	0	0	0	0	0	0	0	0	0	0	11	0	0	0	0	0	0	0	0	0	0	0	11	11	0	0	0	0	0	0	0	0	0	18	0	0	0	11	0	0	9	11	11
	0	13	13	13	9	11	11	13	13	11	11	12	12	11	11	11	8	11	11	7	38	12	7	11	12	6	9	9	0	0	0	0	11	9	11	6	11	11	8	0	11	11	11	13	0	11	11	11	11	11	11	0	7	11	11	8	11	0	0	0	0	0	0	0	11	0	0	0	0	11	0	0	0	12	12	0	9	9	0	0	0	0	0	0	8	0	0	0	12	12	0	0	11	11	11	0	0	0	8	0	0	0	0	0	0	0	0	0	0	0	0	0	0	0	0	12	12	0	0	0	0	0	11	11	11	0	0	0	11	12	12	12	0	0	0	0	12	12	12	12	0	0	0	16	5	0	0	0	0	0	12	0	0	0	0	0	0	0	0	0	0	0	11	0	0	0	0	0	0	0	0	0	0	0	11	11	0	0	0	0	0	0	0	0	0	18	0	0	0	11	0	0	9	11	11
	0	13	13	13	9	11	11	13	13	11	11	12	12	11	11	11	8	11	11	7	38	12	7	11	12	6	9	9	0	0	0	0	11	9	11	6	11	11	8	0	11	11	11	13	0	11	11	11	11	11	11	0	7	11	11	8	11	0	0	0	0	0	0	0	11	0	0	0	0	11	0	0	0	12	12	0	9	9	0	0	0	0	0	0	8	0	0	0	12	12	0	0	11	11	11	0	0	0	8	0	0	0	0	0	0	0	0	0	0	0	0	0	0	0	0	12	12	0	0	0	0	0	11	11	11	0	0	0	11	12	12	12	0	0	0	0	12	12	12	12	0	0	0	16	5	0	0	0	0	0	12	0	0	0	0	0	0	0	0	0	0	0	11	0	0	0	0	0	0	0	0	0	0	0	11	11	0	0	0	0	0	0	0	0	0	18	0	0	0	11	0	0	9	11	11
	0	13	13	13	9	11	11	13	13	11	11	12	12	11	11	11	8	11	11	7	38	12	7	11	12	6	9	9	0	0	0	0	11	9	11	6	11	11	8	0	11	11	11	13	0	11	11	11	11	11	11	0	7	11	11	8	11	0	0	0	0	0	0	0	11	0	0	0	0	11	0	0	0	12	12	0	9	9	0	0	0	0	0	0	8	0	0	0	12	12	0	0	11	11	11	0	0	0	8	0	0	0	0	0	0	0	0	0	0	0	0	0	0	0	0	12	12	0	0	0	0	0	11	11	11	0	0	0	11	12	12	12	0	0	0	0	12	12	12	12	0	0	0	16	5	0	0	0	0	0	12	0	0	0	0	0	0	0	0	0	0	0	11	0	0	0	0	0	0	0	0	0	0	0	11	11	0	0	0	0	0	0	0	0	0	18	0	0	0	11	0	0	9	11	11
	0	13	13	13	9	11	11	13	13	11	11	12	12	11	11	11	8	11	11	7	38	12	7	11	12	6	9	9	0	0	0	0	11	9	11	6	11	11	8	0	11	11	11	13	0	11	11	11	11	11	11	0	7	11	11	8	11	0	0	0	0	0	0	0	11	0	0	0	0	11	0	0	0	12	12	0	9	9	0	0	0	0	0	0	8	0	0	0	12	12	0	0	11	11	11	0	0	0	8	0	0	0	0	0	0	0	0	0	0	0	0	0	0	0	0	12	12	0	0	0	0	0	11	11	11	0	0	0	11	12	12	12	0	0	0	0	12	12	12	12	0	0	0	16	5	0	0	0	0	0	12	0	0	0	0	0	0	0	0	0	0	0	11	0	0	0	0	0	0	0	0	0	0	0	11	11	0	0	0	0	0	0	0	0	0	18	0	0	0	11	0	0	9	11	11
	0	13	13	13	9	11	11	13	13	11	11	12	12	11	11	11	8	11	11	7	38	12	7	11	12	6	9	9	0	0	0	0	11	9	11	6	11	11	8	0	11	11	11	13	0	11	11	11	11	11	11	0	7	11	11	8	11	0	0	0	0	0	0	0	11	0	0	0	0	11	0	0	0	12	12	0	9	9	0	0	0	0	0	0	8	0	0	0	12	12	0	0	11	11	11	0	0	0	8	0	0	0	0	0	0	0	0	0	0	0	0	0	0	0	0	12	12	0	0	0	0	0	11	11	11	0	0	0	11	12	12	12	0	0	0	0	12	12	12	12	0	0	0	16	5	0	0	0	0	0	12	0	0	0	0	0	0	0	0	0	0	0	11	0	0	0	0	0	0	0	0	0	0	0	11	11	0	0	0	0	0	0	0	0	0	18	0	0	0	11	0	0	9	11	11
	0	13	13	13	9	11	11	13	13	11	11	12	12	11	11	11	8	11	11	7	38	12	7	11	12	6	9	9	0	0	0	0	11	9	11	6	11	11	8	0	11	11	11	13	0	11	11	11	11	11	11	0	7	11	11	8	11	0	0	0	0	0	0	0	11	0	0	0	0	11	0	0	0	12	12	0	9	9	0	0	0	0	0	0	8	0	0	0	12	12	0	0	11	11	11	0	0	0	8	0	0	0	0	0	0	0	0	0	0	0	0	0	0	0	0	12	12	0	0	0	0	0	11	11	11	0	0	0	11	12	12	12	0	0	0	0	12	12	12	12	0	0	0	16	5	0	0	0	0	0	12	0	0	0	0	0	0	0	0	0	0	0	11	0	0	0	0	0	0	0	0	0	0	0	11	11	0	0	0	0	0	0	0	0	0	18	0	0	0	11	0	0	9	11	11
	0	13	13	13	9	11	11	13	13	11	11	12	12	11	11	11	8	11	11	7	38	12	7	11	12	6	9	9	0	0	0	0	11	9	11	6	11	11	8	0	11	11	11	13	0	11	11	11	11	11	11	0	7	11	11	8	11	0	0	0	0	0	0	0	11	0	0	0	0	11	0	0	0	12	12	0	9	9	0	0	0	0	0	0	8	0	0	0	12	12	0	0	11	11	11	0	0	0	8	0	0	0	0	0	0	0	0	0	0	0	0	0	0	0	0	12	12	0	0	0	0	0	11	11	11	0	0	0	11	12	12	12	0	0	0	0	12	12	12	12	0	0	0	16	5	0	0	0	0	0	12	0	0	0	0	0	0	0	0	0	0	0	11	0	0	0	0	0	0	0	0	0	0	0	11	11	0	0	0	0	0	0	0	0	0	18	0	0	0	11	0	0	9	11	11
	0	13	13	13	9	11	11	13	13	11	11	12	12	11	11	11	8	11	11	7	38	12	7	11	12	6	9	9	0	0	0	0	11	9	11	6	11	11	8	0	11	11	11	13	0	11	11	11	11	11	11	0	7	11	11	8	11	0	0	0	0	0	0	0	11	0	0	0	0	11	0	0	0	12	12	0	9	9	0	0	0	0	0	0	8	0	0	0	12	12	0	0	11	11	11	0	0	0	8	0	0	0	0	0	0	0	0	0	0	0	0	0	0	0	0	12	12	0	0	0	0	0	11	11	11	0	0	0	11	12	12	12	0	0	0	0	12	12	12	12	0	0	0	16	5	0	0	0	0	0	12	0	0	0	0	0	0	0	0	0	0	0	11	0	0	0	0	0	0	0	0	0	0	0	11	11	0	0	0	0	0	0	0	0	0	18	0	0	0	11	0	0	9	11	11
	0	13	13	13	9	11	11	13	13	11	11	12	12	11	11	11	8	11	11	7	38	12	7	11	12	6	9	9	0	0	0	0	11	9	11	6	11	11	8	0	11	11	11	13	0	11	11	11	11	11	11	0	7	11	11	8	11	0	0	0	0	0	0	0	11	0	0	0	0	11	0	0	0	12	12	0	9	9	0	0	0	0	0	0	8	0	0	0	12	12	0	0	11	11	11	0	0	0	8	0	0	0	0	0	0	0	0	0	0	0	0	0	0	0	0	12	12	0	0	0	0	0	11	11	11	0	0	0	11	12	12	12	0	0	0	0	12	12	12	12	0	0	0	16	5	0	0	0	0	0	12	0	0	0	0	0	0	0	0	0	0	0	11	0	0	0	0	0	0	0	0	0	0	0	11	11	0	0	0	0	0	0	0	0	0	18	0	0	0	11	0	0	9	11	11
	0	13	13	13	9	11	11	13	13	11	11	12	12	11	11	11	8	11	11	7	38	12	7	11	12	6	9	9	0	0	0	0	11	9	11	6	11	11	8	0	11	11	11	13	0	11	11	11	11	11	11	0	7	11	11	8	11	0	0	0	0	0	0	0	11	0	0	0	0	11	0	0	0	12	12	0	9	9	0	0	0	0	0	0	8	0	0	0	12	12	0	0	11	11	11	0	0	0	8	0	0	0	0	0	0	0	0	0	0	0	0	0	0	0	0	12	12	0	0	0	0	0	11	11	11	0	0	0	11	12	12	12	0	0	0	0	12	12	12	12	0	0	0	16	5	0	0	0	0	0	12	0	0	0	0	0	0	0	0	0	0	0	11	0	0	0	0	0	0	0	0	0	0	0	11	11	0	0	0	0	0	0	0	0	0	18	0	0	0	11	0	0	9	11	11
	0	13	13	13	9	11	11	13	13	11	11	12	12	11	11	11	8	11	11	7	38	12	7	11	12	6	9	9	0	0	0	0	11	9	11	6	11	11	8	0	11	11	11	13	0	11	11	11	11	11	11	0	7	11	11	8	11	0	0	0	0	0	0	0	11	0	0	0	0	11	0	0	0	12	12	0	9	9	0	0	0	0	0	0	8	0	0	0	12	12	0	0	11	11	11	0	0	0	8	0	0	0	0	0	0	0	0	0	0	0	0	0	0	0	0	12	12	0	0	0	0	0	11	11	11	0	0	0	11	12	12	12	0	0	0	0	12	12	12	12	0	0	0	16	5	0	0	0	0	0	12	0	0	0	0	0	0	0	0	0	0	0	11	0	0	0	0	0	0	0	0	0	0	0	11	11	0	0	0	0	0	0	0	0	0	18	0	0	0	11	0	0	9	11	11
	0	13	13	13	9	11	11	13	13	11	11	12	12	11	11	11	8	11	11	7	38	12	7	11	12	6	9	9	0	0	0	0	11	9	11	6	11	11	8	0	11	11	11	13	0	11	11	11	11	11	11	0	7	11	11	8	11	0	0	0	0	0	0	0	11	0	0	0	0	11	0	0	0	12	12	0	9	9	0	0	0	0	0	0	8	0	0	0	12	12	0	0	11	11	11	0	0	0	8	0	0	0	0	0	0	0	0	0	0	0	0	0	0	0	0	12	12	0	0	0	0	0	11	11	11	0	0	0	11	12	12	12	0	0	0	0	12	12	12	12	0	0	0	16	5	0	0	0	0	0	12	0	0	0	0	0	0	0	0	0	0	0	11	0	0	0	0	0	0	0	0	0	0	0	11	11	0	0	0	0	0	0	0	0	0	18	0	0	0	11	0	0	9	11	11
	0	13	13	13	9	11	11	13	13	11	11	12	12	11	11	11	8	11	11	7	38	12	7	11	12	6	9	9	0	0	0	0	11	9	11	6	11	11	8	0	11	11	11	13	0	11	11	11	11	11	11	0	7	11	11	8	11	0	0	0	0	0	0	0	11	0	0	0	0	11	0	0	0	12	12	0	9	9	0	0	0	0	0	0	8	0	0	0	12	12	0	0	11	11	11	0	0	0	8	0	0	0	0	0	0	0	0	0	0	0	0	0	0	0	0	12	12	0	0	0	0	0	11	11	11	0	0	0	11	12	12	12	0	0	0	0	12	12	12	12	0	0	0	16	5	0	0	0	0	0	12	0	0	0	0	0	0	0	0	0	0	0	11	0	0	0	0	0	0	0	0	0	0	0	11	11	0	0	0	0	0	0	0	0	0	18	0	0	0	11	0	0	9	11	11
	0	13	13	13	9	11	11	13	13	11	11	12	12	11	11	11	8	11	11	7	38	12	7	11	12	6	9	9	0	0	0	0	11	9	11	6	11	11	8	0	11	11	11	13	0	11	11	11	11	11	11	0	7	11	11	8	11	0	0	0	0	0	0	0	11	0	0	0	0	11	0	0	0	12	12	0	9	9	0	0	0	0	0	0	8	0	0	0	12	12	0	0	11	11	11	0	0	0	8	0	0	0	0	0	0	0	0	0	0	0	0	0	0	0	0	12	12	0	0	0	0	0	11	11	11	0	0	0	11	12	12	12	0	0	0	0	12	12	12	12	0	0	0	16	5	0	0	0	0	0	12	0	0	0	0	0	0	0	0	0	0	0	11	0	0	0	0	0	0	0	0	0	0	0	11	11	0	0	0	0	0	0	0	0	0	18	0	0	0	11	0	0	9	11	11
	0	13	13	13	9	11	11	13	13	11	11	12	12	11	11	11	8	11	11	7	38	12	7	11	12	6	9	9	0	0	0	0	11	9	11	6	11	11	8	0	11	11	11	13	0	11	11	11	11	11	11	0	7	11	11	8	11	0	0	0	0	0	0	0	11	0	0	0	0	11	0	0	0	12	12	0	9	9	0	0	0	0	0	0	8	0	0	0	12	12	0	0	11	11	11	0	0	0	8	0	0	0	0	0	0	0	0	0	0	0	0	0	0	0	0	12	12	0	0	0	0	0	11	11	11	0	0	0	11	12	12	12	0	0	0	0	12	12	12	12	0	0	0	16	5	0	0	0	0	0	12	0	0	0	0	0	0	0	0	0	0	0	11	0	0	0	0	0	0	0	0	0	0	0	11	11	0	0	0	0	0	0	0	0	0	18	0	0	0	11	0	0	9	11	11
	12	14	13	13	9	8	8	10	9	8	3	0	1	2	8	8	7	8	8	11	35	13	9	7	13	12	8	8	12	12	12	12	8	7	8	14	8	8	5	12	8	8	8	6	12	8	8	8	8	8	8	12	15	8	8	8	7	12	12	12	12	12	12	12	8	12	12	12	12	7	12	12	12	0	0	12	5	5	12	12	12	12	12	12	5	12	12	12	0	0	12	12	8	8	8	12	12	12	5	12	12	12	12	12	12	12	12	12	12	12	12	12	12	12	12	0	0	12	12	12	12	12	8	8	8	12	12	12	8	0	0	0	12	12	12	12	0	0	0	0	12	12	12	19	10	12	12	12	12	12	0	12	12	12	12	12	12	12	12	12	12	12	8	12	12	12	12	12	12	12	12	12	12	12	8	8	12	12	12	12	12	12	12	12	12	16	12	12	12	8	12	12	8	3	8
	12	14	13	13	9	8	8	10	9	8	3	0	1	2	8	8	7	8	8	11	35	13	9	7	13	12	8	8	12	12	12	12	8	7	8	14	8	8	5	12	8	8	8	6	12	8	8	8	8	8	8	12	15	8	8	8	7	12	12	12	12	12	12	12	8	12	12	12	12	7	12	12	12	0	0	12	5	5	12	12	12	12	12	12	5	12	12	12	0	0	12	12	8	8	8	12	12	12	5	12	12	12	12	12	12	12	12	12	12	12	12	12	12	12	12	0	0	12	12	12	12	12	8	8	8	12	12	12	8	0	0	0	12	12	12	12	0	0	0	0	12	12	12	19	10	12	12	12	12	12	0	12	12	12	12	12	12	12	12	12	12	12	8	12	12	12	12	12	12	12	12	12	12	12	8	8	12	12	12	12	12	12	12	12	12	16	12	12	12	8	12	12	8	3	8
	0	13	13	13	9	11	11	13	13	11	11	12	12	11	11	11	8	11	11	7	38	12	7	11	12	6	9	9	0	0	0	0	11	9	11	6	11	11	8	0	11	11	11	13	0	11	11	11	11	11	11	0	7	11	11	8	11	0	0	0	0	0	0	0	11	0	0	0	0	11	0	0	0	12	12	0	9	9	0	0	0	0	0	0	8	0	0	0	12	12	0	0	11	11	11	0	0	0	8	0	0	0	0	0	0	0	0	0	0	0	0	0	0	0	0	12	12	0	0	0	0	0	11	11	11	0	0	0	11	12	12	12	0	0	0	0	12	12	12	12	0	0	0	16	5	0	0	0	0	0	12	0	0	0	0	0	0	0	0	0	0	0	11	0	0	0	0	0	0	0	0	0	0	0	11	11	0	0	0	0	0	0	0	0	0	18	0	0	0	11	0	0	9	11	11
	0	13	13	13	9	11	11	13	13	11	11	12	12	11	11	11	8	11	11	7	38	12	7	11	12	6	9	9	0	0	0	0	11	9	11	6	11	11	8	0	11	11	11	13	0	11	11	11	11	11	11	0	7	11	11	8	11	0	0	0	0	0	0	0	11	0	0	0	0	11	0	0	0	12	12	0	9	9	0	0	0	0	0	0	8	0	0	0	12	12	0	0	11	11	11	0	0	0	8	0	0	0	0	0	0	0	0	0	0	0	0	0	0	0	0	12	12	0	0	0	0	0	11	11	11	0	0	0	11	12	12	12	0	0	0	0	12	12	12	12	0	0	0	16	5	0	0	0	0	0	12	0	0	0	0	0	0	0	0	0	0	0	11	0	0	0	0	0	0	0	0	0	0	0	11	11	0	0	0	0	0	0	0	0	0	18	0	0	0	11	0	0	9	11	11
	0	13	13	13	9	11	11	13	13	11	11	12	12	11	11	11	8	11	11	7	38	12	7	11	12	6	9	9	0	0	0	0	11	9	11	6	11	11	8	0	11	11	11	13	0	11	11	11	11	11	11	0	7	11	11	8	11	0	0	0	0	0	0	0	11	0	0	0	0	11	0	0	0	12	12	0	9	9	0	0	0	0	0	0	8	0	0	0	12	12	0	0	11	11	11	0	0	0	8	0	0	0	0	0	0	0	0	0	0	0	0	0	0	0	0	12	12	0	0	0	0	0	11	11	11	0	0	0	11	12	12	12	0	0	0	0	12	12	12	12	0	0	0	16	5	0	0	0	0	0	12	0	0	0	0	0	0	0	0	0	0	0	11	0	0	0	0	0	0	0	0	0	0	0	11	11	0	0	0	0	0	0	0	0	0	18	0	0	0	11	0	0	9	11	11
	0	13	13	13	9	11	11	13	13	11	11	12	12	11	11	11	8	11	11	7	38	12	7	11	12	6	9	9	0	0	0	0	11	9	11	6	11	11	8	0	11	11	11	13	0	11	11	11	11	11	11	0	7	11	11	8	11	0	0	0	0	0	0	0	11	0	0	0	0	11	0	0	0	12	12	0	9	9	0	0	0	0	0	0	8	0	0	0	12	12	0	0	11	11	11	0	0	0	8	0	0	0	0	0	0	0	0	0	0	0	0	0	0	0	0	12	12	0	0	0	0	0	11	11	11	0	0	0	11	12	12	12	0	0	0	0	12	12	12	12	0	0	0	16	5	0	0	0	0	0	12	0	0	0	0	0	0	0	0	0	0	0	11	0	0	0	0	0	0	0	0	0	0	0	11	11	0	0	0	0	0	0	0	0	0	18	0	0	0	11	0	0	9	11	11
	0	13	13	13	9	11	11	13	13	11	11	12	12	11	11	11	8	11	11	7	38	12	7	11	12	6	9	9	0	0	0	0	11	9	11	6	11	11	8	0	11	11	11	13	0	11	11	11	11	11	11	0	7	11	11	8	11	0	0	0	0	0	0	0	11	0	0	0	0	11	0	0	0	12	12	0	9	9	0	0	0	0	0	0	8	0	0	0	12	12	0	0	11	11	11	0	0	0	8	0	0	0	0	0	0	0	0	0	0	0	0	0	0	0	0	12	12	0	0	0	0	0	11	11	11	0	0	0	11	12	12	12	0	0	0	0	12	12	12	12	0	0	0	16	5	0	0	0	0	0	12	0	0	0	0	0	0	0	0	0	0	0	11	0	0	0	0	0	0	0	0	0	0	0	11	11	0	0	0	0	0	0	0	0	0	18	0	0	0	11	0	0	9	11	11
	11	13	13	12	8	0	0	11	9	0	9	8	7	6	0	0	7	0	0	10	39	12	9	7	10	10	10	11	11	11	11	11	0	9	0	11	0	0	3	11	0	0	0	9	11	0	0	0	0	0	0	11	13	0	0	8	7	11	11	11	11	11	11	11	0	11	11	11	11	7	11	11	11	8	8	11	6	6	11	11	11	11	11	11	3	11	11	11	8	8	11	11	0	0	0	11	11	11	3	11	11	11	11	11	11	11	11	11	11	11	11	11	11	11	11	8	8	11	11	11	11	11	0	0	0	11	11	11	0	8	8	8	11	11	11	11	8	8	8	8	11	11	11	19	7	11	11	11	11	11	8	11	11	11	11	11	11	11	11	11	11	11	0	11	11	11	11	11	11	11	11	11	11	11	0	0	11	11	11	11	11	11	11	11	11	19	11	11	11	0	11	11	10	8	0
	11	13	13	12	8	0	0	11	9	0	9	8	7	6	0	0	7	0	0	10	39	12	9	7	10	10	10	11	11	11	11	11	0	9	0	11	0	0	3	11	0	0	0	9	11	0	0	0	0	0	0	11	13	0	0	8	7	11	11	11	11	11	11	11	0	11	11	11	11	7	11	11	11	8	8	11	6	6	11	11	11	11	11	11	3	11	11	11	8	8	11	11	0	0	0	11	11	11	3	11	11	11	11	11	11	11	11	11	11	11	11	11	11	11	11	8	8	11	11	11	11	11	0	0	0	11	11	11	0	8	8	8	11	11	11	11	8	8	8	8	11	11	11	19	7	11	11	11	11	11	8	11	11	11	11	11	11	11	11	11	11	11	0	11	11	11	11	11	11	11	11	11	11	11	0	0	11	11	11	11	11	11	11	11	11	19	11	11	11	0	11	11	10	8	0
	11	13	13	12	8	0	0	11	9	0	9	8	7	6	0	0	7	0	0	10	39	12	9	7	10	10	10	11	11	11	11	11	0	9	0	11	0	0	3	11	0	0	0	9	11	0	0	0	0	0	0	11	13	0	0	8	7	11	11	11	11	11	11	11	0	11	11	11	11	7	11	11	11	8	8	11	6	6	11	11	11	11	11	11	3	11	11	11	8	8	11	11	0	0	0	11	11	11	3	11	11	11	11	11	11	11	11	11	11	11	11	11	11	11	11	8	8	11	11	11	11	11	0	0	0	11	11	11	0	8	8	8	11	11	11	11	8	8	8	8	11	11	11	19	7	11	11	11	11	11	8	11	11	11	11	11	11	11	11	11	11	11	0	11	11	11	11	11	11	11	11	11	11	11	0	0	11	11	11	11	11	11	11	11	11	19	11	11	11	0	11	11	10	8	0
	0	13	13	13	9	11	11	13	13	11	11	12	12	11	11	11	8	11	11	7	38	12	7	11	12	6	9	9	0	0	0	0	11	9	11	6	11	11	8	0	11	11	11	13	0	11	11	11	11	11	11	0	7	11	11	8	11	0	0	0	0	0	0	0	11	0	0	0	0	11	0	0	0	12	12	0	9	9	0	0	0	0	0	0	8	0	0	0	12	12	0	0	11	11	11	0	0	0	8	0	0	0	0	0	0	0	0	0	0	0	0	0	0	0	0	12	12	0	0	0	0	0	11	11	11	0	0	0	11	12	12	12	0	0	0	0	12	12	12	12	0	0	0	16	5	0	0	0	0	0	12	0	0	0	0	0	0	0	0	0	0	0	11	0	0	0	0	0	0	0	0	0	0	0	11	11	0	0	0	0	0	0	0	0	0	18	0	0	0	11	0	0	9	11	11
	0	13	13	13	9	11	11	13	13	11	11	12	12	11	11	11	8	11	11	7	38	12	7	11	12	6	9	9	0	0	0	0	11	9	11	6	11	11	8	0	11	11	11	13	0	11	11	11	11	11	11	0	7	11	11	8	11	0	0	0	0	0	0	0	11	0	0	0	0	11	0	0	0	12	12	0	9	9	0	0	0	0	0	0	8	0	0	0	12	12	0	0	11	11	11	0	0	0	8	0	0	0	0	0	0	0	0	0	0	0	0	0	0	0	0	12	12	0	0	0	0	0	11	11	11	0	0	0	11	12	12	12	0	0	0	0	12	12	12	12	0	0	0	16	5	0	0	0	0	0	12	0	0	0	0	0	0	0	0	0	0	0	11	0	0	0	0	0	0	0	0	0	0	0	11	11	0	0	0	0	0	0	0	0	0	18	0	0	0	11	0	0	9	11	11
	0	13	13	13	9	11	11	13	13	11	11	12	12	11	11	11	8	11	11	7	38	12	7	11	12	6	9	9	0	0	0	0	11	9	11	6	11	11	8	0	11	11	11	13	0	11	11	11	11	11	11	0	7	11	11	8	11	0	0	0	0	0	0	0	11	0	0	0	0	11	0	0	0	12	12	0	9	9	0	0	0	0	0	0	8	0	0	0	12	12	0	0	11	11	11	0	0	0	8	0	0	0	0	0	0	0	0	0	0	0	0	0	0	0	0	12	12	0	0	0	0	0	11	11	11	0	0	0	11	12	12	12	0	0	0	0	12	12	12	12	0	0	0	16	5	0	0	0	0	0	12	0	0	0	0	0	0	0	0	0	0	0	11	0	0	0	0	0	0	0	0	0	0	0	11	11	0	0	0	0	0	0	0	0	0	18	0	0	0	11	0	0	9	11	11
	11	13	13	12	8	0	0	11	9	0	9	8	7	6	0	0	7	0	0	10	39	12	9	7	10	10	10	11	11	11	11	11	0	9	0	11	0	0	3	11	0	0	0	9	11	0	0	0	0	0	0	11	13	0	0	8	7	11	11	11	11	11	11	11	0	11	11	11	11	7	11	11	11	8	8	11	6	6	11	11	11	11	11	11	3	11	11	11	8	8	11	11	0	0	0	11	11	11	3	11	11	11	11	11	11	11	11	11	11	11	11	11	11	11	11	8	8	11	11	11	11	11	0	0	0	11	11	11	0	8	8	8	11	11	11	11	8	8	8	8	11	11	11	19	7	11	11	11	11	11	8	11	11	11	11	11	11	11	11	11	11	11	0	11	11	11	11	11	11	11	11	11	11	11	0	0	11	11	11	11	11	11	11	11	11	19	11	11	11	0	11	11	10	8	0
	12	14	13	13	9	8	8	10	9	8	3	0	1	2	8	8	7	8	8	11	35	13	9	7	13	12	8	8	12	12	12	12	8	7	8	14	8	8	5	12	8	8	8	6	12	8	8	8	8	8	8	12	15	8	8	8	7	12	12	12	12	12	12	12	8	12	12	12	12	7	12	12	12	0	0	12	5	5	12	12	12	12	12	12	5	12	12	12	0	0	12	12	8	8	8	12	12	12	5	12	12	12	12	12	12	12	12	12	12	12	12	12	12	12	12	0	0	12	12	12	12	12	8	8	8	12	12	12	8	0	0	0	12	12	12	12	0	0	0	0	12	12	12	19	10	12	12	12	12	12	0	12	12	12	12	12	12	12	12	12	12	12	8	12	12	12	12	12	12	12	12	12	12	12	8	8	12	12	12	12	12	12	12	12	12	16	12	12	12	8	12	12	8	3	8
	12	14	13	13	9	8	8	10	9	8	3	0	1	2	8	8	7	8	8	11	35	13	9	7	13	12	8	8	12	12	12	12	8	7	8	14	8	8	5	12	8	8	8	6	12	8	8	8	8	8	8	12	15	8	8	8	7	12	12	12	12	12	12	12	8	12	12	12	12	7	12	12	12	0	0	12	5	5	12	12	12	12	12	12	5	12	12	12	0	0	12	12	8	8	8	12	12	12	5	12	12	12	12	12	12	12	12	12	12	12	12	12	12	12	12	0	0	12	12	12	12	12	8	8	8	12	12	12	8	0	0	0	12	12	12	12	0	0	0	0	12	12	12	19	10	12	12	12	12	12	0	12	12	12	12	12	12	12	12	12	12	12	8	12	12	12	12	12	12	12	12	12	12	12	8	8	12	12	12	12	12	12	12	12	12	16	12	12	12	8	12	12	8	3	8
	12	14	13	13	9	8	8	10	9	8	3	0	1	2	8	8	7	8	8	11	35	13	9	7	13	12	8	8	12	12	12	12	8	7	8	14	8	8	5	12	8	8	8	6	12	8	8	8	8	8	8	12	15	8	8	8	7	12	12	12	12	12	12	12	8	12	12	12	12	7	12	12	12	0	0	12	5	5	12	12	12	12	12	12	5	12	12	12	0	0	12	12	8	8	8	12	12	12	5	12	12	12	12	12	12	12	12	12	12	12	12	12	12	12	12	0	0	12	12	12	12	12	8	8	8	12	12	12	8	0	0	0	12	12	12	12	0	0	0	0	12	12	12	19	10	12	12	12	12	12	0	12	12	12	12	12	12	12	12	12	12	12	8	12	12	12	12	12	12	12	12	12	12	12	8	8	12	12	12	12	12	12	12	12	12	16	12	12	12	8	12	12	8	3	8
	0	13	13	13	9	11	11	13	13	11	11	12	12	11	11	11	8	11	11	7	38	12	7	11	12	6	9	9	0	0	0	0	11	9	11	6	11	11	8	0	11	11	11	13	0	11	11	11	11	11	11	0	7	11	11	8	11	0	0	0	0	0	0	0	11	0	0	0	0	11	0	0	0	12	12	0	9	9	0	0	0	0	0	0	8	0	0	0	12	12	0	0	11	11	11	0	0	0	8	0	0	0	0	0	0	0	0	0	0	0	0	0	0	0	0	12	12	0	0	0	0	0	11	11	11	0	0	0	11	12	12	12	0	0	0	0	12	12	12	12	0	0	0	16	5	0	0	0	0	0	12	0	0	0	0	0	0	0	0	0	0	0	11	0	0	0	0	0	0	0	0	0	0	0	11	11	0	0	0	0	0	0	0	0	0	18	0	0	0	11	0	0	9	11	11
	0	13	13	13	9	11	11	13	13	11	11	12	12	11	11	11	8	11	11	7	38	12	7	11	12	6	9	9	0	0	0	0	11	9	11	6	11	11	8	0	11	11	11	13	0	11	11	11	11	11	11	0	7	11	11	8	11	0	0	0	0	0	0	0	11	0	0	0	0	11	0	0	0	12	12	0	9	9	0	0	0	0	0	0	8	0	0	0	12	12	0	0	11	11	11	0	0	0	8	0	0	0	0	0	0	0	0	0	0	0	0	0	0	0	0	12	12	0	0	0	0	0	11	11	11	0	0	0	11	12	12	12	0	0	0	0	12	12	12	12	0	0	0	16	5	0	0	0	0	0	12	0	0	0	0	0	0	0	0	0	0	0	11	0	0	0	0	0	0	0	0	0	0	0	11	11	0	0	0	0	0	0	0	0	0	18	0	0	0	11	0	0	9	11	11
	0	13	13	13	9	11	11	13	13	11	11	12	12	11	11	11	8	11	11	7	38	12	7	11	12	6	9	9	0	0	0	0	11	9	11	6	11	11	8	0	11	11	11	13	0	11	11	11	11	11	11	0	7	11	11	8	11	0	0	0	0	0	0	0	11	0	0	0	0	11	0	0	0	12	12	0	9	9	0	0	0	0	0	0	8	0	0	0	12	12	0	0	11	11	11	0	0	0	8	0	0	0	0	0	0	0	0	0	0	0	0	0	0	0	0	12	12	0	0	0	0	0	11	11	11	0	0	0	11	12	12	12	0	0	0	0	12	12	12	12	0	0	0	16	5	0	0	0	0	0	12	0	0	0	0	0	0	0	0	0	0	0	11	0	0	0	0	0	0	0	0	0	0	0	11	11	0	0	0	0	0	0	0	0	0	18	0	0	0	11	0	0	9	11	11
	0	13	13	13	9	11	11	13	13	11	11	12	12	11	11	11	8	11	11	7	38	12	7	11	12	6	9	9	0	0	0	0	11	9	11	6	11	11	8	0	11	11	11	13	0	11	11	11	11	11	11	0	7	11	11	8	11	0	0	0	0	0	0	0	11	0	0	0	0	11	0	0	0	12	12	0	9	9	0	0	0	0	0	0	8	0	0	0	12	12	0	0	11	11	11	0	0	0	8	0	0	0	0	0	0	0	0	0	0	0	0	0	0	0	0	12	12	0	0	0	0	0	11	11	11	0	0	0	11	12	12	12	0	0	0	0	12	12	12	12	0	0	0	16	5	0	0	0	0	0	12	0	0	0	0	0	0	0	0	0	0	0	11	0	0	0	0	0	0	0	0	0	0	0	11	11	0	0	0	0	0	0	0	0	0	18	0	0	0	11	0	0	9	11	11
	12	14	13	13	9	8	8	10	9	8	3	0	1	2	8	8	7	8	8	11	35	13	9	7	13	12	8	8	12	12	12	12	8	7	8	14	8	8	5	12	8	8	8	6	12	8	8	8	8	8	8	12	15	8	8	8	7	12	12	12	12	12	12	12	8	12	12	12	12	7	12	12	12	0	0	12	5	5	12	12	12	12	12	12	5	12	12	12	0	0	12	12	8	8	8	12	12	12	5	12	12	12	12	12	12	12	12	12	12	12	12	12	12	12	12	0	0	12	12	12	12	12	8	8	8	12	12	12	8	0	0	0	12	12	12	12	0	0	0	0	12	12	12	19	10	12	12	12	12	12	0	12	12	12	12	12	12	12	12	12	12	12	8	12	12	12	12	12	12	12	12	12	12	12	8	8	12	12	12	12	12	12	12	12	12	16	12	12	12	8	12	12	8	3	8
	12	14	13	13	9	8	8	10	9	8	3	0	1	2	8	8	7	8	8	11	35	13	9	7	13	12	8	8	12	12	12	12	8	7	8	14	8	8	5	12	8	8	8	6	12	8	8	8	8	8	8	12	15	8	8	8	7	12	12	12	12	12	12	12	8	12	12	12	12	7	12	12	12	0	0	12	5	5	12	12	12	12	12	12	5	12	12	12	0	0	12	12	8	8	8	12	12	12	5	12	12	12	12	12	12	12	12	12	12	12	12	12	12	12	12	0	0	12	12	12	12	12	8	8	8	12	12	12	8	0	0	0	12	12	12	12	0	0	0	0	12	12	12	19	10	12	12	12	12	12	0	12	12	12	12	12	12	12	12	12	12	12	8	12	12	12	12	12	12	12	12	12	12	12	8	8	12	12	12	12	12	12	12	12	12	16	12	12	12	8	12	12	8	3	8
	12	14	13	13	9	8	8	10	9	8	3	0	1	2	8	8	7	8	8	11	35	13	9	7	13	12	8	8	12	12	12	12	8	7	8	14	8	8	5	12	8	8	8	6	12	8	8	8	8	8	8	12	15	8	8	8	7	12	12	12	12	12	12	12	8	12	12	12	12	7	12	12	12	0	0	12	5	5	12	12	12	12	12	12	5	12	12	12	0	0	12	12	8	8	8	12	12	12	5	12	12	12	12	12	12	12	12	12	12	12	12	12	12	12	12	0	0	12	12	12	12	12	8	8	8	12	12	12	8	0	0	0	12	12	12	12	0	0	0	0	12	12	12	19	10	12	12	12	12	12	0	12	12	12	12	12	12	12	12	12	12	12	8	12	12	12	12	12	12	12	12	12	12	12	8	8	12	12	12	12	12	12	12	12	12	16	12	12	12	8	12	12	8	3	8
	12	14	13	13	9	8	8	10	9	8	3	0	1	2	8	8	7	8	8	11	35	13	9	7	13	12	8	8	12	12	12	12	8	7	8	14	8	8	5	12	8	8	8	6	12	8	8	8	8	8	8	12	15	8	8	8	7	12	12	12	12	12	12	12	8	12	12	12	12	7	12	12	12	0	0	12	5	5	12	12	12	12	12	12	5	12	12	12	0	0	12	12	8	8	8	12	12	12	5	12	12	12	12	12	12	12	12	12	12	12	12	12	12	12	12	0	0	12	12	12	12	12	8	8	8	12	12	12	8	0	0	0	12	12	12	12	0	0	0	0	12	12	12	19	10	12	12	12	12	12	0	12	12	12	12	12	12	12	12	12	12	12	8	12	12	12	12	12	12	12	12	12	12	12	8	8	12	12	12	12	12	12	12	12	12	16	12	12	12	8	12	12	8	3	8
	0	13	13	13	9	11	11	13	13	11	11	12	12	11	11	11	8	11	11	7	38	12	7	11	12	6	9	9	0	0	0	0	11	9	11	6	11	11	8	0	11	11	11	13	0	11	11	11	11	11	11	0	7	11	11	8	11	0	0	0	0	0	0	0	11	0	0	0	0	11	0	0	0	12	12	0	9	9	0	0	0	0	0	0	8	0	0	0	12	12	0	0	11	11	11	0	0	0	8	0	0	0	0	0	0	0	0	0	0	0	0	0	0	0	0	12	12	0	0	0	0	0	11	11	11	0	0	0	11	12	12	12	0	0	0	0	12	12	12	12	0	0	0	16	5	0	0	0	0	0	12	0	0	0	0	0	0	0	0	0	0	0	11	0	0	0	0	0	0	0	0	0	0	0	11	11	0	0	0	0	0	0	0	0	0	18	0	0	0	11	0	0	9	11	11
	0	13	13	13	9	11	11	13	13	11	11	12	12	11	11	11	8	11	11	7	38	12	7	11	12	6	9	9	0	0	0	0	11	9	11	6	11	11	8	0	11	11	11	13	0	11	11	11	11	11	11	0	7	11	11	8	11	0	0	0	0	0	0	0	11	0	0	0	0	11	0	0	0	12	12	0	9	9	0	0	0	0	0	0	8	0	0	0	12	12	0	0	11	11	11	0	0	0	8	0	0	0	0	0	0	0	0	0	0	0	0	0	0	0	0	12	12	0	0	0	0	0	11	11	11	0	0	0	11	12	12	12	0	0	0	0	12	12	12	12	0	0	0	16	5	0	0	0	0	0	12	0	0	0	0	0	0	0	0	0	0	0	11	0	0	0	0	0	0	0	0	0	0	0	11	11	0	0	0	0	0	0	0	0	0	18	0	0	0	11	0	0	9	11	11
	0	13	13	13	9	11	11	13	13	11	11	12	12	11	11	11	8	11	11	7	38	12	7	11	12	6	9	9	0	0	0	0	11	9	11	6	11	11	8	0	11	11	11	13	0	11	11	11	11	11	11	0	7	11	11	8	11	0	0	0	0	0	0	0	11	0	0	0	0	11	0	0	0	12	12	0	9	9	0	0	0	0	0	0	8	0	0	0	12	12	0	0	11	11	11	0	0	0	8	0	0	0	0	0	0	0	0	0	0	0	0	0	0	0	0	12	12	0	0	0	0	0	11	11	11	0	0	0	11	12	12	12	0	0	0	0	12	12	12	12	0	0	0	16	5	0	0	0	0	0	12	0	0	0	0	0	0	0	0	0	0	0	11	0	0	0	0	0	0	0	0	0	0	0	11	11	0	0	0	0	0	0	0	0	0	18	0	0	0	11	0	0	9	11	11
	16	19	18	20	15	19	19	20	21	19	18	19	18	18	19	19	14	19	19	14	40	18	14	16	18	17	20	19	16	16	16	16	19	20	19	18	19	19	16	16	19	19	19	20	16	19	19	19	19	19	19	16	18	19	19	17	16	16	16	16	16	16	16	16	19	16	16	16	16	16	16	16	16	19	19	16	17	17	16	16	16	16	16	16	16	16	16	16	19	19	16	16	19	19	19	16	16	16	16	16	16	16	16	16	16	16	16	16	16	16	16	16	16	16	16	19	19	16	16	16	16	16	19	19	19	16	16	16	19	19	19	19	16	16	16	16	19	19	19	19	16	16	16	0	17	16	16	16	16	16	19	16	16	16	16	16	16	16	16	16	16	16	19	16	16	16	16	16	16	16	16	16	16	16	19	19	16	16	16	16	16	16	16	16	16	21	16	16	16	19	16	16	20	16	19
	5	10	10	12	9	7	7	14	11	7	10	10	9	9	7	7	5	7	7	7	38	10	4	7	9	10	9	8	5	5	5	5	7	9	7	6	7	7	5	5	7	7	7	11	5	7	7	7	7	7	7	5	8	7	7	8	7	5	5	5	5	5	5	5	7	5	5	5	5	7	5	5	5	10	10	5	8	8	5	5	5	5	5	5	5	5	5	5	10	10	5	5	7	7	7	5	5	5	5	5	5	5	5	5	5	5	5	5	5	5	5	5	5	5	5	10	10	5	5	5	5	5	7	7	7	5	5	5	7	10	10	10	5	5	5	5	10	10	10	10	5	5	5	17	0	5	5	5	5	5	10	5	5	5	5	5	5	5	5	5	5	5	7	5	5	5	5	5	5	5	5	5	5	5	7	7	5	5	5	5	5	5	5	5	5	17	5	5	5	7	5	5	9	9	7
	0	13	13	13	9	11	11	13	13	11	11	12	12	11	11	11	8	11	11	7	38	12	7	11	12	6	9	9	0	0	0	0	11	9	11	6	11	11	8	0	11	11	11	13	0	11	11	11	11	11	11	0	7	11	11	8	11	0	0	0	0	0	0	0	11	0	0	0	0	11	0	0	0	12	12	0	9	9	0	0	0	0	0	0	8	0	0	0	12	12	0	0	11	11	11	0	0	0	8	0	0	0	0	0	0	0	0	0	0	0	0	0	0	0	0	12	12	0	0	0	0	0	11	11	11	0	0	0	11	12	12	12	0	0	0	0	12	12	12	12	0	0	0	16	5	0	0	0	0	0	12	0	0	0	0	0	0	0	0	0	0	0	11	0	0	0	0	0	0	0	0	0	0	0	11	11	0	0	0	0	0	0	0	0	0	18	0	0	0	11	0	0	9	11	11
	0	13	13	13	9	11	11	13	13	11	11	12	12	11	11	11	8	11	11	7	38	12	7	11	12	6	9	9	0	0	0	0	11	9	11	6	11	11	8	0	11	11	11	13	0	11	11	11	11	11	11	0	7	11	11	8	11	0	0	0	0	0	0	0	11	0	0	0	0	11	0	0	0	12	12	0	9	9	0	0	0	0	0	0	8	0	0	0	12	12	0	0	11	11	11	0	0	0	8	0	0	0	0	0	0	0	0	0	0	0	0	0	0	0	0	12	12	0	0	0	0	0	11	11	11	0	0	0	11	12	12	12	0	0	0	0	12	12	12	12	0	0	0	16	5	0	0	0	0	0	12	0	0	0	0	0	0	0	0	0	0	0	11	0	0	0	0	0	0	0	0	0	0	0	11	11	0	0	0	0	0	0	0	0	0	18	0	0	0	11	0	0	9	11	11
	0	13	13	13	9	11	11	13	13	11	11	12	12	11	11	11	8	11	11	7	38	12	7	11	12	6	9	9	0	0	0	0	11	9	11	6	11	11	8	0	11	11	11	13	0	11	11	11	11	11	11	0	7	11	11	8	11	0	0	0	0	0	0	0	11	0	0	0	0	11	0	0	0	12	12	0	9	9	0	0	0	0	0	0	8	0	0	0	12	12	0	0	11	11	11	0	0	0	8	0	0	0	0	0	0	0	0	0	0	0	0	0	0	0	0	12	12	0	0	0	0	0	11	11	11	0	0	0	11	12	12	12	0	0	0	0	12	12	12	12	0	0	0	16	5	0	0	0	0	0	12	0	0	0	0	0	0	0	0	0	0	0	11	0	0	0	0	0	0	0	0	0	0	0	11	11	0	0	0	0	0	0	0	0	0	18	0	0	0	11	0	0	9	11	11
	0	13	13	13	9	11	11	13	13	11	11	12	12	11	11	11	8	11	11	7	38	12	7	11	12	6	9	9	0	0	0	0	11	9	11	6	11	11	8	0	11	11	11	13	0	11	11	11	11	11	11	0	7	11	11	8	11	0	0	0	0	0	0	0	11	0	0	0	0	11	0	0	0	12	12	0	9	9	0	0	0	0	0	0	8	0	0	0	12	12	0	0	11	11	11	0	0	0	8	0	0	0	0	0	0	0	0	0	0	0	0	0	0	0	0	12	12	0	0	0	0	0	11	11	11	0	0	0	11	12	12	12	0	0	0	0	12	12	12	12	0	0	0	16	5	0	0	0	0	0	12	0	0	0	0	0	0	0	0	0	0	0	11	0	0	0	0	0	0	0	0	0	0	0	11	11	0	0	0	0	0	0	0	0	0	18	0	0	0	11	0	0	9	11	11
	0	13	13	13	9	11	11	13	13	11	11	12	12	11	11	11	8	11	11	7	38	12	7	11	12	6	9	9	0	0	0	0	11	9	11	6	11	11	8	0	11	11	11	13	0	11	11	11	11	11	11	0	7	11	11	8	11	0	0	0	0	0	0	0	11	0	0	0	0	11	0	0	0	12	12	0	9	9	0	0	0	0	0	0	8	0	0	0	12	12	0	0	11	11	11	0	0	0	8	0	0	0	0	0	0	0	0	0	0	0	0	0	0	0	0	12	12	0	0	0	0	0	11	11	11	0	0	0	11	12	12	12	0	0	0	0	12	12	12	12	0	0	0	16	5	0	0	0	0	0	12	0	0	0	0	0	0	0	0	0	0	0	11	0	0	0	0	0	0	0	0	0	0	0	11	11	0	0	0	0	0	0	0	0	0	18	0	0	0	11	0	0	9	11	11
	12	14	13	13	9	8	8	10	9	8	3	0	1	2	8	8	7	8	8	11	35	13	9	7	13	12	8	8	12	12	12	12	8	7	8	14	8	8	5	12	8	8	8	6	12	8	8	8	8	8	8	12	15	8	8	8	7	12	12	12	12	12	12	12	8	12	12	12	12	7	12	12	12	0	0	12	5	5	12	12	12	12	12	12	5	12	12	12	0	0	12	12	8	8	8	12	12	12	5	12	12	12	12	12	12	12	12	12	12	12	12	12	12	12	12	0	0	12	12	12	12	12	8	8	8	12	12	12	8	0	0	0	12	12	12	12	0	0	0	0	12	12	12	19	10	12	12	12	12	12	0	12	12	12	12	12	12	12	12	12	12	12	8	12	12	12	12	12	12	12	12	12	12	12	8	8	12	12	12	12	12	12	12	12	12	16	12	12	12	8	12	12	8	3	8
	0	13	13	13	9	11	11	13	13	11	11	12	12	11	11	11	8	11	11	7	38	12	7	11	12	6	9	9	0	0	0	0	11	9	11	6	11	11	8	0	11	11	11	13	0	11	11	11	11	11	11	0	7	11	11	8	11	0	0	0	0	0	0	0	11	0	0	0	0	11	0	0	0	12	12	0	9	9	0	0	0	0	0	0	8	0	0	0	12	12	0	0	11	11	11	0	0	0	8	0	0	0	0	0	0	0	0	0	0	0	0	0	0	0	0	12	12	0	0	0	0	0	11	11	11	0	0	0	11	12	12	12	0	0	0	0	12	12	12	12	0	0	0	16	5	0	0	0	0	0	12	0	0	0	0	0	0	0	0	0	0	0	11	0	0	0	0	0	0	0	0	0	0	0	11	11	0	0	0	0	0	0	0	0	0	18	0	0	0	11	0	0	9	11	11
	0	13	13	13	9	11	11	13	13	11	11	12	12	11	11	11	8	11	11	7	38	12	7	11	12	6	9	9	0	0	0	0	11	9	11	6	11	11	8	0	11	11	11	13	0	11	11	11	11	11	11	0	7	11	11	8	11	0	0	0	0	0	0	0	11	0	0	0	0	11	0	0	0	12	12	0	9	9	0	0	0	0	0	0	8	0	0	0	12	12	0	0	11	11	11	0	0	0	8	0	0	0	0	0	0	0	0	0	0	0	0	0	0	0	0	12	12	0	0	0	0	0	11	11	11	0	0	0	11	12	12	12	0	0	0	0	12	12	12	12	0	0	0	16	5	0	0	0	0	0	12	0	0	0	0	0	0	0	0	0	0	0	11	0	0	0	0	0	0	0	0	0	0	0	11	11	0	0	0	0	0	0	0	0	0	18	0	0	0	11	0	0	9	11	11
	0	13	13	13	9	11	11	13	13	11	11	12	12	11	11	11	8	11	11	7	38	12	7	11	12	6	9	9	0	0	0	0	11	9	11	6	11	11	8	0	11	11	11	13	0	11	11	11	11	11	11	0	7	11	11	8	11	0	0	0	0	0	0	0	11	0	0	0	0	11	0	0	0	12	12	0	9	9	0	0	0	0	0	0	8	0	0	0	12	12	0	0	11	11	11	0	0	0	8	0	0	0	0	0	0	0	0	0	0	0	0	0	0	0	0	12	12	0	0	0	0	0	11	11	11	0	0	0	11	12	12	12	0	0	0	0	12	12	12	12	0	0	0	16	5	0	0	0	0	0	12	0	0	0	0	0	0	0	0	0	0	0	11	0	0	0	0	0	0	0	0	0	0	0	11	11	0	0	0	0	0	0	0	0	0	18	0	0	0	11	0	0	9	11	11
	0	13	13	13	9	11	11	13	13	11	11	12	12	11	11	11	8	11	11	7	38	12	7	11	12	6	9	9	0	0	0	0	11	9	11	6	11	11	8	0	11	11	11	13	0	11	11	11	11	11	11	0	7	11	11	8	11	0	0	0	0	0	0	0	11	0	0	0	0	11	0	0	0	12	12	0	9	9	0	0	0	0	0	0	8	0	0	0	12	12	0	0	11	11	11	0	0	0	8	0	0	0	0	0	0	0	0	0	0	0	0	0	0	0	0	12	12	0	0	0	0	0	11	11	11	0	0	0	11	12	12	12	0	0	0	0	12	12	12	12	0	0	0	16	5	0	0	0	0	0	12	0	0	0	0	0	0	0	0	0	0	0	11	0	0	0	0	0	0	0	0	0	0	0	11	11	0	0	0	0	0	0	0	0	0	18	0	0	0	11	0	0	9	11	11
	0	13	13	13	9	11	11	13	13	11	11	12	12	11	11	11	8	11	11	7	38	12	7	11	12	6	9	9	0	0	0	0	11	9	11	6	11	11	8	0	11	11	11	13	0	11	11	11	11	11	11	0	7	11	11	8	11	0	0	0	0	0	0	0	11	0	0	0	0	11	0	0	0	12	12	0	9	9	0	0	0	0	0	0	8	0	0	0	12	12	0	0	11	11	11	0	0	0	8	0	0	0	0	0	0	0	0	0	0	0	0	0	0	0	0	12	12	0	0	0	0	0	11	11	11	0	0	0	11	12	12	12	0	0	0	0	12	12	12	12	0	0	0	16	5	0	0	0	0	0	12	0	0	0	0	0	0	0	0	0	0	0	11	0	0	0	0	0	0	0	0	0	0	0	11	11	0	0	0	0	0	0	0	0	0	18	0	0	0	11	0	0	9	11	11
	0	13	13	13	9	11	11	13	13	11	11	12	12	11	11	11	8	11	11	7	38	12	7	11	12	6	9	9	0	0	0	0	11	9	11	6	11	11	8	0	11	11	11	13	0	11	11	11	11	11	11	0	7	11	11	8	11	0	0	0	0	0	0	0	11	0	0	0	0	11	0	0	0	12	12	0	9	9	0	0	0	0	0	0	8	0	0	0	12	12	0	0	11	11	11	0	0	0	8	0	0	0	0	0	0	0	0	0	0	0	0	0	0	0	0	12	12	0	0	0	0	0	11	11	11	0	0	0	11	12	12	12	0	0	0	0	12	12	12	12	0	0	0	16	5	0	0	0	0	0	12	0	0	0	0	0	0	0	0	0	0	0	11	0	0	0	0	0	0	0	0	0	0	0	11	11	0	0	0	0	0	0	0	0	0	18	0	0	0	11	0	0	9	11	11
	0	13	13	13	9	11	11	13	13	11	11	12	12	11	11	11	8	11	11	7	38	12	7	11	12	6	9	9	0	0	0	0	11	9	11	6	11	11	8	0	11	11	11	13	0	11	11	11	11	11	11	0	7	11	11	8	11	0	0	0	0	0	0	0	11	0	0	0	0	11	0	0	0	12	12	0	9	9	0	0	0	0	0	0	8	0	0	0	12	12	0	0	11	11	11	0	0	0	8	0	0	0	0	0	0	0	0	0	0	0	0	0	0	0	0	12	12	0	0	0	0	0	11	11	11	0	0	0	11	12	12	12	0	0	0	0	12	12	12	12	0	0	0	16	5	0	0	0	0	0	12	0	0	0	0	0	0	0	0	0	0	0	11	0	0	0	0	0	0	0	0	0	0	0	11	11	0	0	0	0	0	0	0	0	0	18	0	0	0	11	0	0	9	11	11
	0	13	13	13	9	11	11	13	13	11	11	12	12	11	11	11	8	11	11	7	38	12	7	11	12	6	9	9	0	0	0	0	11	9	11	6	11	11	8	0	11	11	11	13	0	11	11	11	11	11	11	0	7	11	11	8	11	0	0	0	0	0	0	0	11	0	0	0	0	11	0	0	0	12	12	0	9	9	0	0	0	0	0	0	8	0	0	0	12	12	0	0	11	11	11	0	0	0	8	0	0	0	0	0	0	0	0	0	0	0	0	0	0	0	0	12	12	0	0	0	0	0	11	11	11	0	0	0	11	12	12	12	0	0	0	0	12	12	12	12	0	0	0	16	5	0	0	0	0	0	12	0	0	0	0	0	0	0	0	0	0	0	11	0	0	0	0	0	0	0	0	0	0	0	11	11	0	0	0	0	0	0	0	0	0	18	0	0	0	11	0	0	9	11	11
	0	13	13	13	9	11	11	13	13	11	11	12	12	11	11	11	8	11	11	7	38	12	7	11	12	6	9	9	0	0	0	0	11	9	11	6	11	11	8	0	11	11	11	13	0	11	11	11	11	11	11	0	7	11	11	8	11	0	0	0	0	0	0	0	11	0	0	0	0	11	0	0	0	12	12	0	9	9	0	0	0	0	0	0	8	0	0	0	12	12	0	0	11	11	11	0	0	0	8	0	0	0	0	0	0	0	0	0	0	0	0	0	0	0	0	12	12	0	0	0	0	0	11	11	11	0	0	0	11	12	12	12	0	0	0	0	12	12	12	12	0	0	0	16	5	0	0	0	0	0	12	0	0	0	0	0	0	0	0	0	0	0	11	0	0	0	0	0	0	0	0	0	0	0	11	11	0	0	0	0	0	0	0	0	0	18	0	0	0	11	0	0	9	11	11
	0	13	13	13	9	11	11	13	13	11	11	12	12	11	11	11	8	11	11	7	38	12	7	11	12	6	9	9	0	0	0	0	11	9	11	6	11	11	8	0	11	11	11	13	0	11	11	11	11	11	11	0	7	11	11	8	11	0	0	0	0	0	0	0	11	0	0	0	0	11	0	0	0	12	12	0	9	9	0	0	0	0	0	0	8	0	0	0	12	12	0	0	11	11	11	0	0	0	8	0	0	0	0	0	0	0	0	0	0	0	0	0	0	0	0	12	12	0	0	0	0	0	11	11	11	0	0	0	11	12	12	12	0	0	0	0	12	12	12	12	0	0	0	16	5	0	0	0	0	0	12	0	0	0	0	0	0	0	0	0	0	0	11	0	0	0	0	0	0	0	0	0	0	0	11	11	0	0	0	0	0	0	0	0	0	18	0	0	0	11	0	0	9	11	11
	0	13	13	13	9	11	11	13	13	11	11	12	12	11	11	11	8	11	11	7	38	12	7	11	12	6	9	9	0	0	0	0	11	9	11	6	11	11	8	0	11	11	11	13	0	11	11	11	11	11	11	0	7	11	11	8	11	0	0	0	0	0	0	0	11	0	0	0	0	11	0	0	0	12	12	0	9	9	0	0	0	0	0	0	8	0	0	0	12	12	0	0	11	11	11	0	0	0	8	0	0	0	0	0	0	0	0	0	0	0	0	0	0	0	0	12	12	0	0	0	0	0	11	11	11	0	0	0	11	12	12	12	0	0	0	0	12	12	12	12	0	0	0	16	5	0	0	0	0	0	12	0	0	0	0	0	0	0	0	0	0	0	11	0	0	0	0	0	0	0	0	0	0	0	11	11	0	0	0	0	0	0	0	0	0	18	0	0	0	11	0	0	9	11	11
	11	13	13	12	8	0	0	11	9	0	9	8	7	6	0	0	7	0	0	10	39	12	9	7	10	10	10	11	11	11	11	11	0	9	0	11	0	0	3	11	0	0	0	9	11	0	0	0	0	0	0	11	13	0	0	8	7	11	11	11	11	11	11	11	0	11	11	11	11	7	11	11	11	8	8	11	6	6	11	11	11	11	11	11	3	11	11	11	8	8	11	11	0	0	0	11	11	11	3	11	11	11	11	11	11	11	11	11	11	11	11	11	11	11	11	8	8	11	11	11	11	11	0	0	0	11	11	11	0	8	8	8	11	11	11	11	8	8	8	8	11	11	11	19	7	11	11	11	11	11	8	11	11	11	11	11	11	11	11	11	11	11	0	11	11	11	11	11	11	11	11	11	11	11	0	0	11	11	11	11	11	11	11	11	11	19	11	11	11	0	11	11	10	8	0
	0	13	13	13	9	11	11	13	13	11	11	12	12	11	11	11	8	11	11	7	38	12	7	11	12	6	9	9	0	0	0	0	11	9	11	6	11	11	8	0	11	11	11	13	0	11	11	11	11	11	11	0	7	11	11	8	11	0	0	0	0	0	0	0	11	0	0	0	0	11	0	0	0	12	12	0	9	9	0	0	0	0	0	0	8	0	0	0	12	12	0	0	11	11	11	0	0	0	8	0	0	0	0	0	0	0	0	0	0	0	0	0	0	0	0	12	12	0	0	0	0	0	11	11	11	0	0	0	11	12	12	12	0	0	0	0	12	12	12	12	0	0	0	16	5	0	0	0	0	0	12	0	0	0	0	0	0	0	0	0	0	0	11	0	0	0	0	0	0	0	0	0	0	0	11	11	0	0	0	0	0	0	0	0	0	18	0	0	0	11	0	0	9	11	11
	0	13	13	13	9	11	11	13	13	11	11	12	12	11	11	11	8	11	11	7	38	12	7	11	12	6	9	9	0	0	0	0	11	9	11	6	11	11	8	0	11	11	11	13	0	11	11	11	11	11	11	0	7	11	11	8	11	0	0	0	0	0	0	0	11	0	0	0	0	11	0	0	0	12	12	0	9	9	0	0	0	0	0	0	8	0	0	0	12	12	0	0	11	11	11	0	0	0	8	0	0	0	0	0	0	0	0	0	0	0	0	0	0	0	0	12	12	0	0	0	0	0	11	11	11	0	0	0	11	12	12	12	0	0	0	0	12	12	12	12	0	0	0	16	5	0	0	0	0	0	12	0	0	0	0	0	0	0	0	0	0	0	11	0	0	0	0	0	0	0	0	0	0	0	11	11	0	0	0	0	0	0	0	0	0	18	0	0	0	11	0	0	9	11	11
	0	13	13	13	9	11	11	13	13	11	11	12	12	11	11	11	8	11	11	7	38	12	7	11	12	6	9	9	0	0	0	0	11	9	11	6	11	11	8	0	11	11	11	13	0	11	11	11	11	11	11	0	7	11	11	8	11	0	0	0	0	0	0	0	11	0	0	0	0	11	0	0	0	12	12	0	9	9	0	0	0	0	0	0	8	0	0	0	12	12	0	0	11	11	11	0	0	0	8	0	0	0	0	0	0	0	0	0	0	0	0	0	0	0	0	12	12	0	0	0	0	0	11	11	11	0	0	0	11	12	12	12	0	0	0	0	12	12	12	12	0	0	0	16	5	0	0	0	0	0	12	0	0	0	0	0	0	0	0	0	0	0	11	0	0	0	0	0	0	0	0	0	0	0	11	11	0	0	0	0	0	0	0	0	0	18	0	0	0	11	0	0	9	11	11
	0	13	13	13	9	11	11	13	13	11	11	12	12	11	11	11	8	11	11	7	38	12	7	11	12	6	9	9	0	0	0	0	11	9	11	6	11	11	8	0	11	11	11	13	0	11	11	11	11	11	11	0	7	11	11	8	11	0	0	0	0	0	0	0	11	0	0	0	0	11	0	0	0	12	12	0	9	9	0	0	0	0	0	0	8	0	0	0	12	12	0	0	11	11	11	0	0	0	8	0	0	0	0	0	0	0	0	0	0	0	0	0	0	0	0	12	12	0	0	0	0	0	11	11	11	0	0	0	11	12	12	12	0	0	0	0	12	12	12	12	0	0	0	16	5	0	0	0	0	0	12	0	0	0	0	0	0	0	0	0	0	0	11	0	0	0	0	0	0	0	0	0	0	0	11	11	0	0	0	0	0	0	0	0	0	18	0	0	0	11	0	0	9	11	11
	0	13	13	13	9	11	11	13	13	11	11	12	12	11	11	11	8	11	11	7	38	12	7	11	12	6	9	9	0	0	0	0	11	9	11	6	11	11	8	0	11	11	11	13	0	11	11	11	11	11	11	0	7	11	11	8	11	0	0	0	0	0	0	0	11	0	0	0	0	11	0	0	0	12	12	0	9	9	0	0	0	0	0	0	8	0	0	0	12	12	0	0	11	11	11	0	0	0	8	0	0	0	0	0	0	0	0	0	0	0	0	0	0	0	0	12	12	0	0	0	0	0	11	11	11	0	0	0	11	12	12	12	0	0	0	0	12	12	12	12	0	0	0	16	5	0	0	0	0	0	12	0	0	0	0	0	0	0	0	0	0	0	11	0	0	0	0	0	0	0	0	0	0	0	11	11	0	0	0	0	0	0	0	0	0	18	0	0	0	11	0	0	9	11	11
	0	13	13	13	9	11	11	13	13	11	11	12	12	11	11	11	8	11	11	7	38	12	7	11	12	6	9	9	0	0	0	0	11	9	11	6	11	11	8	0	11	11	11	13	0	11	11	11	11	11	11	0	7	11	11	8	11	0	0	0	0	0	0	0	11	0	0	0	0	11	0	0	0	12	12	0	9	9	0	0	0	0	0	0	8	0	0	0	12	12	0	0	11	11	11	0	0	0	8	0	0	0	0	0	0	0	0	0	0	0	0	0	0	0	0	12	12	0	0	0	0	0	11	11	11	0	0	0	11	12	12	12	0	0	0	0	12	12	12	12	0	0	0	16	5	0	0	0	0	0	12	0	0	0	0	0	0	0	0	0	0	0	11	0	0	0	0	0	0	0	0	0	0	0	11	11	0	0	0	0	0	0	0	0	0	18	0	0	0	11	0	0	9	11	11
	0	13	13	13	9	11	11	13	13	11	11	12	12	11	11	11	8	11	11	7	38	12	7	11	12	6	9	9	0	0	0	0	11	9	11	6	11	11	8	0	11	11	11	13	0	11	11	11	11	11	11	0	7	11	11	8	11	0	0	0	0	0	0	0	11	0	0	0	0	11	0	0	0	12	12	0	9	9	0	0	0	0	0	0	8	0	0	0	12	12	0	0	11	11	11	0	0	0	8	0	0	0	0	0	0	0	0	0	0	0	0	0	0	0	0	12	12	0	0	0	0	0	11	11	11	0	0	0	11	12	12	12	0	0	0	0	12	12	12	12	0	0	0	16	5	0	0	0	0	0	12	0	0	0	0	0	0	0	0	0	0	0	11	0	0	0	0	0	0	0	0	0	0	0	11	11	0	0	0	0	0	0	0	0	0	18	0	0	0	11	0	0	9	11	11
	0	13	13	13	9	11	11	13	13	11	11	12	12	11	11	11	8	11	11	7	38	12	7	11	12	6	9	9	0	0	0	0	11	9	11	6	11	11	8	0	11	11	11	13	0	11	11	11	11	11	11	0	7	11	11	8	11	0	0	0	0	0	0	0	11	0	0	0	0	11	0	0	0	12	12	0	9	9	0	0	0	0	0	0	8	0	0	0	12	12	0	0	11	11	11	0	0	0	8	0	0	0	0	0	0	0	0	0	0	0	0	0	0	0	0	12	12	0	0	0	0	0	11	11	11	0	0	0	11	12	12	12	0	0	0	0	12	12	12	12	0	0	0	16	5	0	0	0	0	0	12	0	0	0	0	0	0	0	0	0	0	0	11	0	0	0	0	0	0	0	0	0	0	0	11	11	0	0	0	0	0	0	0	0	0	18	0	0	0	11	0	0	9	11	11
	0	13	13	13	9	11	11	13	13	11	11	12	12	11	11	11	8	11	11	7	38	12	7	11	12	6	9	9	0	0	0	0	11	9	11	6	11	11	8	0	11	11	11	13	0	11	11	11	11	11	11	0	7	11	11	8	11	0	0	0	0	0	0	0	11	0	0	0	0	11	0	0	0	12	12	0	9	9	0	0	0	0	0	0	8	0	0	0	12	12	0	0	11	11	11	0	0	0	8	0	0	0	0	0	0	0	0	0	0	0	0	0	0	0	0	12	12	0	0	0	0	0	11	11	11	0	0	0	11	12	12	12	0	0	0	0	12	12	12	12	0	0	0	16	5	0	0	0	0	0	12	0	0	0	0	0	0	0	0	0	0	0	11	0	0	0	0	0	0	0	0	0	0	0	11	11	0	0	0	0	0	0	0	0	0	18	0	0	0	11	0	0	9	11	11
	0	13	13	13	9	11	11	13	13	11	11	12	12	11	11	11	8	11	11	7	38	12	7	11	12	6	9	9	0	0	0	0	11	9	11	6	11	11	8	0	11	11	11	13	0	11	11	11	11	11	11	0	7	11	11	8	11	0	0	0	0	0	0	0	11	0	0	0	0	11	0	0	0	12	12	0	9	9	0	0	0	0	0	0	8	0	0	0	12	12	0	0	11	11	11	0	0	0	8	0	0	0	0	0	0	0	0	0	0	0	0	0	0	0	0	12	12	0	0	0	0	0	11	11	11	0	0	0	11	12	12	12	0	0	0	0	12	12	12	12	0	0	0	16	5	0	0	0	0	0	12	0	0	0	0	0	0	0	0	0	0	0	11	0	0	0	0	0	0	0	0	0	0	0	11	11	0	0	0	0	0	0	0	0	0	18	0	0	0	11	0	0	9	11	11
	0	13	13	13	9	11	11	13	13	11	11	12	12	11	11	11	8	11	11	7	38	12	7	11	12	6	9	9	0	0	0	0	11	9	11	6	11	11	8	0	11	11	11	13	0	11	11	11	11	11	11	0	7	11	11	8	11	0	0	0	0	0	0	0	11	0	0	0	0	11	0	0	0	12	12	0	9	9	0	0	0	0	0	0	8	0	0	0	12	12	0	0	11	11	11	0	0	0	8	0	0	0	0	0	0	0	0	0	0	0	0	0	0	0	0	12	12	0	0	0	0	0	11	11	11	0	0	0	11	12	12	12	0	0	0	0	12	12	12	12	0	0	0	16	5	0	0	0	0	0	12	0	0	0	0	0	0	0	0	0	0	0	11	0	0	0	0	0	0	0	0	0	0	0	11	11	0	0	0	0	0	0	0	0	0	18	0	0	0	11	0	0	9	11	11
	11	13	13	12	8	0	0	11	9	0	9	8	7	6	0	0	7	0	0	10	39	12	9	7	10	10	10	11	11	11	11	11	0	9	0	11	0	0	3	11	0	0	0	9	11	0	0	0	0	0	0	11	13	0	0	8	7	11	11	11	11	11	11	11	0	11	11	11	11	7	11	11	11	8	8	11	6	6	11	11	11	11	11	11	3	11	11	11	8	8	11	11	0	0	0	11	11	11	3	11	11	11	11	11	11	11	11	11	11	11	11	11	11	11	11	8	8	11	11	11	11	11	0	0	0	11	11	11	0	8	8	8	11	11	11	11	8	8	8	8	11	11	11	19	7	11	11	11	11	11	8	11	11	11	11	11	11	11	11	11	11	11	0	11	11	11	11	11	11	11	11	11	11	11	0	0	11	11	11	11	11	11	11	11	11	19	11	11	11	0	11	11	10	8	0
	11	13	13	12	8	0	0	11	9	0	9	8	7	6	0	0	7	0	0	10	39	12	9	7	10	10	10	11	11	11	11	11	0	9	0	11	0	0	3	11	0	0	0	9	11	0	0	0	0	0	0	11	13	0	0	8	7	11	11	11	11	11	11	11	0	11	11	11	11	7	11	11	11	8	8	11	6	6	11	11	11	11	11	11	3	11	11	11	8	8	11	11	0	0	0	11	11	11	3	11	11	11	11	11	11	11	11	11	11	11	11	11	11	11	11	8	8	11	11	11	11	11	0	0	0	11	11	11	0	8	8	8	11	11	11	11	8	8	8	8	11	11	11	19	7	11	11	11	11	11	8	11	11	11	11	11	11	11	11	11	11	11	0	11	11	11	11	11	11	11	11	11	11	11	0	0	11	11	11	11	11	11	11	11	11	19	11	11	11	0	11	11	10	8	0
	0	13	13	13	9	11	11	13	13	11	11	12	12	11	11	11	8	11	11	7	38	12	7	11	12	6	9	9	0	0	0	0	11	9	11	6	11	11	8	0	11	11	11	13	0	11	11	11	11	11	11	0	7	11	11	8	11	0	0	0	0	0	0	0	11	0	0	0	0	11	0	0	0	12	12	0	9	9	0	0	0	0	0	0	8	0	0	0	12	12	0	0	11	11	11	0	0	0	8	0	0	0	0	0	0	0	0	0	0	0	0	0	0	0	0	12	12	0	0	0	0	0	11	11	11	0	0	0	11	12	12	12	0	0	0	0	12	12	12	12	0	0	0	16	5	0	0	0	0	0	12	0	0	0	0	0	0	0	0	0	0	0	11	0	0	0	0	0	0	0	0	0	0	0	11	11	0	0	0	0	0	0	0	0	0	18	0	0	0	11	0	0	9	11	11
	0	13	13	13	9	11	11	13	13	11	11	12	12	11	11	11	8	11	11	7	38	12	7	11	12	6	9	9	0	0	0	0	11	9	11	6	11	11	8	0	11	11	11	13	0	11	11	11	11	11	11	0	7	11	11	8	11	0	0	0	0	0	0	0	11	0	0	0	0	11	0	0	0	12	12	0	9	9	0	0	0	0	0	0	8	0	0	0	12	12	0	0	11	11	11	0	0	0	8	0	0	0	0	0	0	0	0	0	0	0	0	0	0	0	0	12	12	0	0	0	0	0	11	11	11	0	0	0	11	12	12	12	0	0	0	0	12	12	12	12	0	0	0	16	5	0	0	0	0	0	12	0	0	0	0	0	0	0	0	0	0	0	11	0	0	0	0	0	0	0	0	0	0	0	11	11	0	0	0	0	0	0	0	0	0	18	0	0	0	11	0	0	9	11	11
	0	13	13	13	9	11	11	13	13	11	11	12	12	11	11	11	8	11	11	7	38	12	7	11	12	6	9	9	0	0	0	0	11	9	11	6	11	11	8	0	11	11	11	13	0	11	11	11	11	11	11	0	7	11	11	8	11	0	0	0	0	0	0	0	11	0	0	0	0	11	0	0	0	12	12	0	9	9	0	0	0	0	0	0	8	0	0	0	12	12	0	0	11	11	11	0	0	0	8	0	0	0	0	0	0	0	0	0	0	0	0	0	0	0	0	12	12	0	0	0	0	0	11	11	11	0	0	0	11	12	12	12	0	0	0	0	12	12	12	12	0	0	0	16	5	0	0	0	0	0	12	0	0	0	0	0	0	0	0	0	0	0	11	0	0	0	0	0	0	0	0	0	0	0	11	11	0	0	0	0	0	0	0	0	0	18	0	0	0	11	0	0	9	11	11
	0	13	13	13	9	11	11	13	13	11	11	12	12	11	11	11	8	11	11	7	38	12	7	11	12	6	9	9	0	0	0	0	11	9	11	6	11	11	8	0	11	11	11	13	0	11	11	11	11	11	11	0	7	11	11	8	11	0	0	0	0	0	0	0	11	0	0	0	0	11	0	0	0	12	12	0	9	9	0	0	0	0	0	0	8	0	0	0	12	12	0	0	11	11	11	0	0	0	8	0	0	0	0	0	0	0	0	0	0	0	0	0	0	0	0	12	12	0	0	0	0	0	11	11	11	0	0	0	11	12	12	12	0	0	0	0	12	12	12	12	0	0	0	16	5	0	0	0	0	0	12	0	0	0	0	0	0	0	0	0	0	0	11	0	0	0	0	0	0	0	0	0	0	0	11	11	0	0	0	0	0	0	0	0	0	18	0	0	0	11	0	0	9	11	11
	0	13	13	13	9	11	11	13	13	11	11	12	12	11	11	11	8	11	11	7	38	12	7	11	12	6	9	9	0	0	0	0	11	9	11	6	11	11	8	0	11	11	11	13	0	11	11	11	11	11	11	0	7	11	11	8	11	0	0	0	0	0	0	0	11	0	0	0	0	11	0	0	0	12	12	0	9	9	0	0	0	0	0	0	8	0	0	0	12	12	0	0	11	11	11	0	0	0	8	0	0	0	0	0	0	0	0	0	0	0	0	0	0	0	0	12	12	0	0	0	0	0	11	11	11	0	0	0	11	12	12	12	0	0	0	0	12	12	12	12	0	0	0	16	5	0	0	0	0	0	12	0	0	0	0	0	0	0	0	0	0	0	11	0	0	0	0	0	0	0	0	0	0	0	11	11	0	0	0	0	0	0	0	0	0	18	0	0	0	11	0	0	9	11	11
	0	13	13	13	9	11	11	13	13	11	11	12	12	11	11	11	8	11	11	7	38	12	7	11	12	6	9	9	0	0	0	0	11	9	11	6	11	11	8	0	11	11	11	13	0	11	11	11	11	11	11	0	7	11	11	8	11	0	0	0	0	0	0	0	11	0	0	0	0	11	0	0	0	12	12	0	9	9	0	0	0	0	0	0	8	0	0	0	12	12	0	0	11	11	11	0	0	0	8	0	0	0	0	0	0	0	0	0	0	0	0	0	0	0	0	12	12	0	0	0	0	0	11	11	11	0	0	0	11	12	12	12	0	0	0	0	12	12	12	12	0	0	0	16	5	0	0	0	0	0	12	0	0	0	0	0	0	0	0	0	0	0	11	0	0	0	0	0	0	0	0	0	0	0	11	11	0	0	0	0	0	0	0	0	0	18	0	0	0	11	0	0	9	11	11
	0	13	13	13	9	11	11	13	13	11	11	12	12	11	11	11	8	11	11	7	38	12	7	11	12	6	9	9	0	0	0	0	11	9	11	6	11	11	8	0	11	11	11	13	0	11	11	11	11	11	11	0	7	11	11	8	11	0	0	0	0	0	0	0	11	0	0	0	0	11	0	0	0	12	12	0	9	9	0	0	0	0	0	0	8	0	0	0	12	12	0	0	11	11	11	0	0	0	8	0	0	0	0	0	0	0	0	0	0	0	0	0	0	0	0	12	12	0	0	0	0	0	11	11	11	0	0	0	11	12	12	12	0	0	0	0	12	12	12	12	0	0	0	16	5	0	0	0	0	0	12	0	0	0	0	0	0	0	0	0	0	0	11	0	0	0	0	0	0	0	0	0	0	0	11	11	0	0	0	0	0	0	0	0	0	18	0	0	0	11	0	0	9	11	11
	0	13	13	13	9	11	11	13	13	11	11	12	12	11	11	11	8	11	11	7	38	12	7	11	12	6	9	9	0	0	0	0	11	9	11	6	11	11	8	0	11	11	11	13	0	11	11	11	11	11	11	0	7	11	11	8	11	0	0	0	0	0	0	0	11	0	0	0	0	11	0	0	0	12	12	0	9	9	0	0	0	0	0	0	8	0	0	0	12	12	0	0	11	11	11	0	0	0	8	0	0	0	0	0	0	0	0	0	0	0	0	0	0	0	0	12	12	0	0	0	0	0	11	11	11	0	0	0	11	12	12	12	0	0	0	0	12	12	12	12	0	0	0	16	5	0	0	0	0	0	12	0	0	0	0	0	0	0	0	0	0	0	11	0	0	0	0	0	0	0	0	0	0	0	11	11	0	0	0	0	0	0	0	0	0	18	0	0	0	11	0	0	9	11	11
	0	13	13	13	9	11	11	13	13	11	11	12	12	11	11	11	8	11	11	7	38	12	7	11	12	6	9	9	0	0	0	0	11	9	11	6	11	11	8	0	11	11	11	13	0	11	11	11	11	11	11	0	7	11	11	8	11	0	0	0	0	0	0	0	11	0	0	0	0	11	0	0	0	12	12	0	9	9	0	0	0	0	0	0	8	0	0	0	12	12	0	0	11	11	11	0	0	0	8	0	0	0	0	0	0	0	0	0	0	0	0	0	0	0	0	12	12	0	0	0	0	0	11	11	11	0	0	0	11	12	12	12	0	0	0	0	12	12	12	12	0	0	0	16	5	0	0	0	0	0	12	0	0	0	0	0	0	0	0	0	0	0	11	0	0	0	0	0	0	0	0	0	0	0	11	11	0	0	0	0	0	0	0	0	0	18	0	0	0	11	0	0	9	11	11
	18	11	13	12	17	19	19	21	20	19	16	16	15	16	19	19	15	19	19	17	33	12	16	18	12	19	18	18	18	18	18	18	19	18	19	12	19	19	18	18	19	19	19	16	18	19	19	19	19	19	19	18	14	19	19	17	19	18	18	18	18	18	18	18	19	18	18	18	18	19	18	18	18	16	16	18	17	17	18	18	18	18	18	18	18	18	18	18	16	16	18	18	19	19	19	18	18	18	18	18	18	18	18	18	18	18	18	18	18	18	18	18	18	18	18	16	16	18	18	18	18	18	19	19	19	18	18	18	19	16	16	16	18	18	18	18	16	16	16	16	18	18	18	21	17	18	18	18	18	18	16	18	18	18	18	18	18	18	18	18	18	18	19	18	18	18	18	18	18	18	18	18	18	18	19	19	18	18	18	18	18	18	18	18	18	0	18	18	18	19	18	18	18	16	19
	0	13	13	13	9	11	11	13	13	11	11	12	12	11	11	11	8	11	11	7	38	12	7	11	12	6	9	9	0	0	0	0	11	9	11	6	11	11	8	0	11	11	11	13	0	11	11	11	11	11	11	0	7	11	11	8	11	0	0	0	0	0	0	0	11	0	0	0	0	11	0	0	0	12	12	0	9	9	0	0	0	0	0	0	8	0	0	0	12	12	0	0	11	11	11	0	0	0	8	0	0	0	0	0	0	0	0	0	0	0	0	0	0	0	0	12	12	0	0	0	0	0	11	11	11	0	0	0	11	12	12	12	0	0	0	0	12	12	12	12	0	0	0	16	5	0	0	0	0	0	12	0	0	0	0	0	0	0	0	0	0	0	11	0	0	0	0	0	0	0	0	0	0	0	11	11	0	0	0	0	0	0	0	0	0	18	0	0	0	11	0	0	9	11	11
	0	13	13	13	9	11	11	13	13	11	11	12	12	11	11	11	8	11	11	7	38	12	7	11	12	6	9	9	0	0	0	0	11	9	11	6	11	11	8	0	11	11	11	13	0	11	11	11	11	11	11	0	7	11	11	8	11	0	0	0	0	0	0	0	11	0	0	0	0	11	0	0	0	12	12	0	9	9	0	0	0	0	0	0	8	0	0	0	12	12	0	0	11	11	11	0	0	0	8	0	0	0	0	0	0	0	0	0	0	0	0	0	0	0	0	12	12	0	0	0	0	0	11	11	11	0	0	0	11	12	12	12	0	0	0	0	12	12	12	12	0	0	0	16	5	0	0	0	0	0	12	0	0	0	0	0	0	0	0	0	0	0	11	0	0	0	0	0	0	0	0	0	0	0	11	11	0	0	0	0	0	0	0	0	0	18	0	0	0	11	0	0	9	11	11
	0	13	13	13	9	11	11	13	13	11	11	12	12	11	11	11	8	11	11	7	38	12	7	11	12	6	9	9	0	0	0	0	11	9	11	6	11	11	8	0	11	11	11	13	0	11	11	11	11	11	11	0	7	11	11	8	11	0	0	0	0	0	0	0	11	0	0	0	0	11	0	0	0	12	12	0	9	9	0	0	0	0	0	0	8	0	0	0	12	12	0	0	11	11	11	0	0	0	8	0	0	0	0	0	0	0	0	0	0	0	0	0	0	0	0	12	12	0	0	0	0	0	11	11	11	0	0	0	11	12	12	12	0	0	0	0	12	12	12	12	0	0	0	16	5	0	0	0	0	0	12	0	0	0	0	0	0	0	0	0	0	0	11	0	0	0	0	0	0	0	0	0	0	0	11	11	0	0	0	0	0	0	0	0	0	18	0	0	0	11	0	0	9	11	11
	11	13	13	12	8	0	0	11	9	0	9	8	7	6	0	0	7	0	0	10	39	12	9	7	10	10	10	11	11	11	11	11	0	9	0	11	0	0	3	11	0	0	0	9	11	0	0	0	0	0	0	11	13	0	0	8	7	11	11	11	11	11	11	11	0	11	11	11	11	7	11	11	11	8	8	11	6	6	11	11	11	11	11	11	3	11	11	11	8	8	11	11	0	0	0	11	11	11	3	11	11	11	11	11	11	11	11	11	11	11	11	11	11	11	11	8	8	11	11	11	11	11	0	0	0	11	11	11	0	8	8	8	11	11	11	11	8	8	8	8	11	11	11	19	7	11	11	11	11	11	8	11	11	11	11	11	11	11	11	11	11	11	0	11	11	11	11	11	11	11	11	11	11	11	0	0	11	11	11	11	11	11	11	11	11	19	11	11	11	0	11	11	10	8	0
	0	13	13	13	9	11	11	13	13	11	11	12	12	11	11	11	8	11	11	7	38	12	7	11	12	6	9	9	0	0	0	0	11	9	11	6	11	11	8	0	11	11	11	13	0	11	11	11	11	11	11	0	7	11	11	8	11	0	0	0	0	0	0	0	11	0	0	0	0	11	0	0	0	12	12	0	9	9	0	0	0	0	0	0	8	0	0	0	12	12	0	0	11	11	11	0	0	0	8	0	0	0	0	0	0	0	0	0	0	0	0	0	0	0	0	12	12	0	0	0	0	0	11	11	11	0	0	0	11	12	12	12	0	0	0	0	12	12	12	12	0	0	0	16	5	0	0	0	0	0	12	0	0	0	0	0	0	0	0	0	0	0	11	0	0	0	0	0	0	0	0	0	0	0	11	11	0	0	0	0	0	0	0	0	0	18	0	0	0	11	0	0	9	11	11
	0	13	13	13	9	11	11	13	13	11	11	12	12	11	11	11	8	11	11	7	38	12	7	11	12	6	9	9	0	0	0	0	11	9	11	6	11	11	8	0	11	11	11	13	0	11	11	11	11	11	11	0	7	11	11	8	11	0	0	0	0	0	0	0	11	0	0	0	0	11	0	0	0	12	12	0	9	9	0	0	0	0	0	0	8	0	0	0	12	12	0	0	11	11	11	0	0	0	8	0	0	0	0	0	0	0	0	0	0	0	0	0	0	0	0	12	12	0	0	0	0	0	11	11	11	0	0	0	11	12	12	12	0	0	0	0	12	12	12	12	0	0	0	16	5	0	0	0	0	0	12	0	0	0	0	0	0	0	0	0	0	0	11	0	0	0	0	0	0	0	0	0	0	0	11	11	0	0	0	0	0	0	0	0	0	18	0	0	0	11	0	0	9	11	11
	9	13	14	17	10	10	10	13	10	10	9	8	7	8	10	10	7	10	10	6	40	13	6	8	15	11	0	1	9	9	9	9	10	2	10	11	10	10	7	9	10	10	10	9	9	10	10	10	10	10	10	9	12	10	10	5	8	9	9	9	9	9	9	9	10	9	9	9	9	8	9	9	9	8	8	9	4	4	9	9	9	9	9	9	7	9	9	9	8	8	9	9	10	10	10	9	9	9	7	9	9	9	9	9	9	9	9	9	9	9	9	9	9	9	9	8	8	9	9	9	9	9	10	10	10	9	9	9	10	8	8	8	9	9	9	9	8	8	8	8	9	9	9	20	9	9	9	9	9	9	8	9	9	9	9	9	9	9	9	9	9	9	10	9	9	9	9	9	9	9	9	9	9	9	10	10	9	9	9	9	9	9	9	9	9	18	9	9	9	10	9	9	0	7	10
	11	13	13	14	7	8	8	9	7	8	5	3	2	2	8	8	6	8	8	9	36	12	8	6	13	12	7	7	11	11	11	11	8	6	8	12	8	8	5	11	8	8	8	5	11	8	8	8	8	8	8	11	14	8	8	6	6	11	11	11	11	11	11	11	8	11	11	11	11	6	11	11	11	3	3	11	3	3	11	11	11	11	11	11	5	11	11	11	3	3	11	11	8	8	8	11	11	11	5	11	11	11	11	11	11	11	11	11	11	11	11	11	11	11	11	3	3	11	11	11	11	11	8	8	8	11	11	11	8	3	3	3	11	11	11	11	3	3	3	3	11	11	11	16	9	11	11	11	11	11	3	11	11	11	11	11	11	11	11	11	11	11	8	11	11	11	11	11	11	11	11	11	11	11	8	8	11	11	11	11	11	11	11	11	11	16	11	11	11	8	11	11	7	0	8
	11	13	13	12	8	0	0	11	9	0	9	8	7	6	0	0	7	0	0	10	39	12	9	7	10	10	10	11	11	11	11	11	0	9	0	11	0	0	3	11	0	0	0	9	11	0	0	0	0	0	0	11	13	0	0	8	7	11	11	11	11	11	11	11	0	11	11	11	11	7	11	11	11	8	8	11	6	6	11	11	11	11	11	11	3	11	11	11	8	8	11	11	0	0	0	11	11	11	3	11	11	11	11	11	11	11	11	11	11	11	11	11	11	11	11	8	8	11	11	11	11	11	0	0	0	11	11	11	0	8	8	8	11	11	11	11	8	8	8	8	11	11	11	19	7	11	11	11	11	11	8	11	11	11	11	11	11	11	11	11	11	11	0	11	11	11	11	11	11	11	11	11	11	11	0	0	11	11	11	11	11	11	11	11	11	19	11	11	11	0	11	11	10	8	0